tree
version=v4
num_class=1
num_tree_per_iteration=1
label_index=0
max_feature_idx=38
objective=binary sigmoid:1
feature_names=is_home lineup_confirmed opponent_lineup_size starter_starts_30d starter_avg_ip_30d starter_avg_so_30d starter_k_per_9_30d starter_era_30d starter_whip_30d starter_avg_pitches_30d starter_max_pitches_30d starter_avg_batters_faced_30d starter_k_percent_season starter_bb_percent_season starter_whiff_percent_season starter_primary_pitch_usage starter_primary_pitch_whiff_percent starter_primary_pitch_k_percent starter_primary_pitch_put_away starter_secondary_pitch_usage starter_secondary_pitch_whiff_percent starter_secondary_pitch_k_percent starter_secondary_pitch_put_away starter_arsenal_whiff_percent starter_arsenal_k_percent starter_arsenal_put_away opp_team_k_vs_primary_pitch opp_team_whiff_vs_primary_pitch opp_team_put_away_vs_primary_pitch opp_team_k_vs_secondary_pitch opp_team_whiff_vs_secondary_pitch opp_team_put_away_vs_secondary_pitch opp_team_k_vs_starter_arsenal opp_team_whiff_vs_starter_arsenal opp_team_put_away_vs_starter_arsenal opp_team_games_14d opp_team_pa_per_game_14d opp_team_k_rate_14d opp_team_hits_per_pa_14d
feature_infos=[0:1] [0:1] [0:9] [0:27] [0.20000000000000001:7.7000000000000002] [0:13] [0:22.5] [0:270] [0:40] [7.333333333333333:106.25] [9:117] [2.333333333333333:30.5] [4:37.700000000000003] [1.8999999999999999:26.100000000000001] [7.2999999999999998:34.700000000000003] [21.100000000000001:78.799999999999997] [5.2000000000000002:47.700000000000003] [2.8999999999999999:43.600000000000001] [6.0999999999999996:32.299999999999997] [15.699999999999999:44.399999999999999] [6.7999999999999998:51.100000000000001] [4.7999999999999998:49.5] [7.5999999999999996:33] [5.2000000000000002:42.399999999999999] [2.8999999999999999:41.799999999999997] [6.0999999999999996:32.299999999999997] [4.7999999999999998:56.899999999999999] [8.5029082774049218:57.100000000000001] [5.5:38.5] [4.7999999999999998:56.899999999999999] [8.5029082774049218:57.100000000000001] [5.5:38.5] [4.7999999999999998:43.060416666666661] [8.5029082774049218:42.999305555555551] [6.4000000000000004:38.5] [0:14] [23:64.5] none [0.078947368421052599:0.37037037037037029]
tree_sizes=1693 1702 1713 1715 1710 1697 1715 1722 1719 1705 1713 1719 1721 1721 1717 1715 1610 1600 1722 1722 1716 1721 1617 1821 1721 1721 1824 1817 1618 1823 1615 1819 1821 1829 1721 1721 1835 1723 1816 1722 1733 1619 1821 1724

Tree=0
num_leaves=15
num_cat=0
split_feature=12 12 10 12 27 23 4 33 7 28 26 16 4 35
split_gain=512.204 88.9344 65.9538 46.6992 17.8514 21.6501 17.3667 16.9527 14.1829 12.7657 9.90735 8.11458 4.91821 1.46106
threshold=22.650000000000002 18.650000000000002 67.500000000000014 29.850000000000005 22.577753049840108 24.499261992619932 5.6633333333333349 23.587749933503186 6.6337618239146261 18.537708514799419 19.500535585909422 21.950000000000003 5.4733333333333336 11.500000000000002
decision_type=2 2 2 2 2 2 2 2 2 2 2 2 2 2
left_child=1 7 11 6 5 -3 -4 8 -1 -6 -9 13 -5 -2
right_child=2 4 3 12 9 -7 -8 10 -10 -11 -12 -13 -14 -15
leaf_value=-0.62520558708545371 -0.64994127150351255 -0.59172090193888194 -0.56687174946106333 -0.54360131067298323 -0.59128038202846722 -0.61904908762780508 -0.55284752172938245 -0.57197508239898687 -0.60563020532437239 -0.55602925339465226 -0.60762623626940304 -0.59036072641959081 -0.52628560381371903 -0.62670238680386714
leaf_weight=159.67676872014999 5.0280584096908552 192.21548867225647 227.82981312274933 25.277420580387115 17.76798290014267 30.187940180301666 122.03815907239914 8.4432200789451581 42.092031598091125 19.276400327682495 41.484746634960175 4.6036118865013114 35.490255892276764 4.7211509346961975
leaf_count=639 22 672 711 70 62 118 355 27 156 57 155 16 89 19
internal_value=-0.58431 -0.604544 -0.559973 -0.557764 -0.592219 -0.59543 -0.56198 -0.617249 -0.621122 -0.572937 -0.601597 -0.623187 -0.533488 -0.638688
internal_weight=936.133 511.145 424.988 410.636 259.448 222.403 349.868 251.697 201.769 37.0444 49.928 14.3528 60.7677 9.74921
internal_count=3168 1886 1282 1225 909 790 1066 977 795 119 182 57 159 41
is_linear=0
shrinkage=1


Tree=1
num_leaves=15
num_cat=0
split_feature=12 12 10 12 11 30 16 38 33 7 12 22 17 8
split_gain=473.443 73.3103 63.7769 49.8424 19.8463 16.9118 24.8349 24.7638 16.0918 13.5131 10.0418 9.70503 8.17293 1.41771
threshold=22.450000000000003 18.650000000000002 67.500000000000014 27.650000000000002 23.366666666666667 20.493061863168769 23.600000000000005 0.20247206378768476 23.587749933503186 6.6337618239146261 29.850000000000005 13.65 23.850000000000005 1.1127844712182065
decision_type=2 2 2 2 2 2 2 2 2 2 2 2 2 2
left_child=1 8 12 4 -4 7 -7 -3 9 -1 -5 -10 13 -2
right_child=2 5 3 10 -6 6 -8 -9 11 -11 -12 -13 -14 -15
leaf_value=-0.021158670637280535 -0.023578356208477584 -0.01789117490022768 0.029693815594447993 0.050212593618776863 0.045338785855662617 0.0096086248179193812 -0.031202918609741226 0.043507986051838102 -0.027188159745179071 -0.0020335957656648332 0.066620660015932143 0.0078933724971307299 0.012731868593590339 -0.045831376172430806
leaf_weight=158.649368673563 4.9066201597452146 7.6407711505889884 185.27172197401524 73.265708699822426 120.39657504856586 186.45119993388653 14.460317119956015 26.129761040210724 8.5659716725349409 42.066163241863251 61.956551417708397 41.388621807098389 4.6211390644311896 5.426022008061409
leaf_count=639 20 30 588 209 352 655 60 78 35 156 159 147 16 24
internal_value=0.0185433 -0.00207698 0.0404984 0.042565 0.0358561 0.00997301 0.00667127 0.0296161 -0.0133584 -0.0171504 0.0577305 0.00187776 -0.020432 -0.0352642
internal_weight=941.197 485.352 455.844 440.891 305.668 234.682 200.912 33.7705 250.67 200.716 135.222 49.9546 14.9538 10.3326
internal_count=3168 1800 1368 1308 940 823 715 108 977 795 368 182 60 44
is_linear=0
shrinkage=0.03


Tree=2
num_leaves=15
num_cat=0
split_feature=12 12 10 12 27 23 12 8 0 28 12 16 33 35
split_gain=439.462 78.6659 56.2027 39.0066 16.2268 19.6346 15.3198 16.3723 15.0081 11.3674 9.09381 7.3958 4.41977 1.41977
threshold=22.650000000000002 18.650000000000002 67.500000000000014 27.650000000000002 22.577753049840108 24.499261992619932 14.950000000000001 1.6472842010367368 1.0000000180025095e-35 18.537708514799419 29.850000000000005 21.950000000000003 19.333911026324159 11.500000000000002
decision_type=2 2 2 2 2 2 2 2 2 2 2 2 2 2
left_child=1 6 11 8 5 -3 12 -8 -4 -6 -5 13 -1 -2
right_child=2 4 3 10 9 -7 7 -9 -10 -11 -12 -13 -14 -15
leaf_value=-0.012301677189745747 -0.04506832070414022 0.010977177468766216 0.028433502116421819 0.048060708941344593 0.011487776500994435 -0.01509218709916909 -0.014383203379231126 0.0057202156358964005 0.042256972266015963 0.044544322482481406 0.06355949218705681 0.012399395326796179 -0.037554119342781127 -0.021913096476291614
leaf_weight=8.1748650372028333 4.8960442692041379 193.60153995454311 134.69130143523216 74.234369203448296 17.884440705180168 30.035857498645782 168.62265378236771 46.517567306756973 148.7500321418047 19.648119986057281 62.975977003574371 4.6340303122997275 26.326091319322586 4.6434672623872757
leaf_count=32 22 672 422 209 62 118 664 168 435 57 159 16 113 19
internal_value=0.0178981 -0.000970818 0.0400644 0.0420442 0.0105393 0.0074759 -0.0130125 -0.0100364 0.0356881 0.0287927 0.0551742 -0.0186933 -0.0315707 -0.0337972
internal_weight=945.636 510.811 434.825 420.652 261.17 223.637 249.641 215.14 283.441 37.5326 137.21 14.1735 34.501 9.53951
internal_count=3168 1886 1282 1225 909 790 977 832 857 119 368 57 145 41
is_linear=0
shrinkage=0.03


Tree=3
num_leaves=15
num_cat=0
split_feature=12 12 10 12 11 33 30 16 38 12 7 26 17 8
split_gain=407.924 64.9803 54.8754 42.2664 24.8671 15.3215 15.2273 23.0362 22.6191 13.2184 12.6887 9.18809 8.3598 1.42251
threshold=22.450000000000003 18.650000000000002 67.500000000000014 25.900000000000002 23.550000000000004 23.587749933503186 20.493061863168769 23.600000000000005 0.20247206378768476 29.850000000000005 7.4303484706483784 19.500535585909422 24.300000000000001 1.1127844712182065
decision_type=2 2 2 2 2 2 2 2 2 2 2 2 2 2
left_child=1 5 12 4 -4 10 8 -8 -3 -5 -1 -7 13 -2
right_child=2 6 3 9 -6 11 7 -9 -10 -11 -12 -13 -14 -15
leaf_value=-0.019580854636729889 -0.022415428169415212 -0.017730878048814229 0.024043586429654453 0.044242554403419003 0.043775380682537161 0.03060591851725666 0.0089663504581304915 -0.030520698681027247 0.040882301320222719 0.060806066016598909 0.0016630794152038637 -0.0036407862610741315 0.014972365052513556 -0.044717323651760559
leaf_weight=169.08086884021759 4.8265872597694379 7.6258772909641257 161.99454353749752 135.19138987362385 89.098124846816063 8.5025906264781934 187.48103156685829 14.311747059226034 26.57560108602047 63.839009657502174 29.757357880473137 41.289272576570511 4.4227657914161673 5.5154070258140564
leaf_count=686 20 30 514 382 253 27 655 60 78 159 109 155 15 25
internal_value=0.0172865 -0.00197242 0.0373631 0.0392298 0.0310452 -0.0126749 0.00930308 0.00616581 0.0278134 0.0495553 -0.0164016 0.00220727 -0.0195469 -0.0343091
internal_weight=949.512 484.624 464.888 450.123 251.093 248.63 235.994 201.793 34.2015 199.03 198.838 49.7919 14.7648 10.342
internal_count=3168 1800 1368 1308 767 977 823 715 108 541 795 182 60 45
is_linear=0
shrinkage=0.03


Tree=4
num_leaves=15
num_cat=0
split_feature=12 12 10 12 27 16 12 8 4 28 27 17 33 5
split_gain=379.605 69.6774 48.2362 33.0003 14.8167 18.3482 14.663 15.2303 13.8272 10.2 7.6388 7.56262 4.31897 1.39309
threshold=22.650000000000002 18.650000000000002 67.500000000000014 27.650000000000002 22.577753049840108 20.250000000000004 14.950000000000001 1.6472842010367368 5.7366666666666672 18.537708514799419 19.635189513521873 23.850000000000005 19.333911026324159 1.3484848484848486
decision_type=2 2 2 2 2 2 2 2 2 2 2 2 2 2
left_child=1 6 11 8 5 -3 12 -8 -4 -6 -5 13 -1 -2
right_child=2 4 3 10 9 -7 7 -9 -10 -11 -12 -13 -14 -15
leaf_value=-0.011525179416826436 -0.021315050380571181 0.01120390835317198 0.028574341798308665 0.041306511488776343 0.010791420111516653 -0.010196610094068881 -0.013659797869035322 0.0057519280988825383 0.042735017241321838 0.041943340253630765 0.055938616914221806 0.014563825393749882 -0.036626210384004959 -0.044237490202823783
leaf_weight=8.0986050218343717 4.7462618052959424 179.5795634239912 197.7901839017868 49.726487904787064 17.985722750425339 45.115337640047073 167.11408199369907 46.498099237680435 90.435032993555069 19.954711347818375 90.645612671971321 4.4371082633733741 25.897643834352493 4.798682302236557
leaf_count=32 20 618 604 138 62 172 664 168 253 57 230 15 113 22
internal_value=0.0167063 -0.000929229 0.037038 0.0388269 0.00983504 0.00690701 -0.0123468 -0.00943434 0.0330175 0.0271757 0.0507552 -0.0177962 -0.0306466 -0.0328392
internal_weight=952.823 510.244 442.579 428.597 262.635 224.695 247.608 213.612 288.225 37.9404 140.372 13.9821 33.9962 9.54494
internal_count=3168 1886 1282 1225 909 790 977 832 857 119 368 57 145 42
is_linear=0
shrinkage=0.03


Tree=5
num_leaves=15
num_cat=0
split_feature=12 12 10 12 11 33 30 16 38 7 12 22 17 13
split_gain=353.907 57.5679 47.5478 36.232 21.95 14.5864 14.072 22.7434 16.105 11.9158 11.6961 8.91804 7.64581 1.43057
threshold=22.450000000000003 18.650000000000002 67.500000000000014 25.900000000000002 23.550000000000004 23.587749933503186 21.411180165731089 23.600000000000005 0.20247206378768476 6.6337618239146261 29.850000000000005 13.65 24.300000000000001 7.5500000000000007
decision_type=2 2 2 2 2 2 2 2 2 2 2 2 2 2
left_child=1 5 12 4 -4 9 8 -8 -3 -1 -5 -7 13 -2
right_child=2 6 3 10 -6 11 7 -9 -10 -11 -12 -13 -14 -15
leaf_value=-0.019519809843186006 -0.021514433013073046 -0.012040264557133961 0.022249758764615372 0.040843878759544872 0.040646753676997799 -0.025698420272766569 0.0082010828791041664 -0.032733574682983851 0.035990768084781848 -0.0014763139538427289 0.056276587157373353 0.0082408220552000876 0.014014965591369891 -0.044095570319938389
leaf_weight=155.15162168443203 4.8991970270872098 8.0103350728750211 163.92485038936138 137.6999686807394 90.645619243383408 8.3842088282108289 186.93966652452946 13.069641053676603 29.134581476449966 41.818542063236237 65.089384108781815 41.251420170068741 4.4564430713653556 5.2103796154260635
leaf_count=639 21 31 514 382 253 35 650 56 86 156 159 147 15 24
internal_value=0.0161537 -0.00187771 0.0346373 0.0363367 0.0288004 -0.0120264 0.00867546 0.0055262 0.0256328 -0.015689 0.0457973 0.00250797 -0.0187217 -0.0331525
internal_weight=955.686 483.76 471.926 457.36 254.57 246.606 237.154 200.009 37.1449 196.97 202.789 49.6356 14.566 10.1096
internal_count=3168 1800 1368 1308 767 977 823 706 117 795 541 182 60 45
is_linear=0
shrinkage=0.03


Tree=6
num_leaves=15
num_cat=0
split_feature=12 12 10 12 11 12 8 30 16 38 34 17 33 6
split_gain=329.987 54.2815 44.2722 33.6315 20.3332 13.973 14.1761 13.1242 21.5442 14.9804 10.9755 7.29658 4.19972 1.42514
threshold=22.450000000000003 18.650000000000002 67.500000000000014 25.900000000000002 23.550000000000004 14.950000000000001 1.6472842010367368 21.411180165731089 23.600000000000005 0.20247206378768476 14.038970720585819 24.300000000000001 19.333911026324159 10.553639846743296
decision_type=2 2 2 2 2 2 2 2 2 2 2 2 2 2
left_child=1 5 11 4 -4 12 -7 9 -9 -3 -5 13 -1 -2
right_child=2 7 3 10 -6 6 -8 8 -10 -11 -12 -13 -14 -15
leaf_value=-0.01081284102138705 -0.020500943751150847 -0.011721873641747134 0.021475913646885704 -0.0024714045181025569 0.039123788078738099 -0.012981261099632789 0.0057667507919402731 0.0079373298745081308 -0.032103395763872236 0.034627348828923023 0.045130227115134203 0.013544492992041496 -0.035703110537166363 -0.043211287969625332
leaf_weight=8.0263719558715803 4.6824878156185132 7.9815187603235236 164.72411093115807 4.4565967023372641 91.337975472211838 165.65000136196613 46.484658092260361 187.35066862404346 12.928554028272627 29.369571387767792 199.83395853638649 4.4726499915122977 25.434178903698921 5.3036152869462967
leaf_count=32 20 31 514 15 253 664 168 650 56 86 526 15 113 25
internal_value=0.0156281 -0.00182462 0.0333902 0.0350136 0.027771 -0.011715 -0.00887305 0.00839727 0.0053526 0.024723 0.0440918 -0.0182998 -0.0297325 -0.0325624
internal_weight=958.037 483.226 474.811 460.353 256.062 245.595 212.135 237.63 200.279 37.3511 204.291 14.4588 33.4606 9.9861
internal_count=3168 1800 1368 1308 767 977 832 823 706 117 541 60 145 45
is_linear=0
shrinkage=0.03


Tree=7
num_leaves=15
num_cat=0
split_feature=12 12 10 12 0 33 27 16 7 28 26 17 11 11
split_gain=308.364 58.0664 38.7509 27.5565 15.1027 13.8838 13.4305 16.5379 11.1337 9.03894 8.52141 6.59127 5.67189 1.40392
threshold=22.650000000000002 18.650000000000002 67.500000000000014 28.500000000000004 1.0000000180025095e-35 23.587749933503186 22.577753049840108 20.250000000000004 6.6337618239146261 18.537708514799419 19.500535585909422 23.850000000000005 18.366666666666667 5.4142857142857155
decision_type=2 2 2 2 2 2 2 2 2 2 2 2 2 2
left_child=1 5 11 4 -4 8 7 -3 -1 -8 -7 13 -5 -2
right_child=2 6 3 12 -6 10 9 -9 -10 -11 -12 -13 -14 -15
leaf_value=-0.018747557711297668 -0.019334032568552439 0.010128672191412641 0.024326013336726147 0.025852772225187642 0.036871111134086386 0.030048667570539693 0.0098788449703882727 -0.010188724362058883 -0.001268606358094551 0.039048496289079797 -0.0029023633486369442 0.013307233744149308 0.051813652424813721 -0.042776595984958178
leaf_weight=153.39936451613903 4.5930430591106397 181.10410119593143 165.16125214099884 8.3377982527017576 181.03567735850811 8.5356960892677289 18.107412397861481 45.02000780403614 41.718077629804611 20.256442070007324 40.951581001281738 4.4797249585390082 82.691561490297318 4.6037361323833466
leaf_count=639 20 618 494 24 505 27 62 172 156 57 155 15 202 22
internal_value=0.0151262 -0.000875373 0.0331927 0.0347482 0.0308862 -0.0114109 0.00886812 0.0060836 -0.0150104 0.0252807 0.00278112 -0.0165336 0.0494358 -0.0310689
internal_weight=959.995 509.093 450.903 437.226 346.197 244.605 264.488 226.124 195.117 38.3639 49.4873 13.6765 91.0294 9.19678
internal_count=3168 1886 1282 1225 999 977 909 790 795 119 182 57 226 42
is_linear=0
shrinkage=0.03


Tree=8
num_leaves=15
num_cat=0
split_feature=12 12 10 12 11 30 16 36 12 38 28 17 8 8
split_gain=288.418 48.3501 38.6553 29.96 18.7042 14.3996 18.766 12.2462 11.7055 11.0993 10.2418 6.68636 1.46946 0.00294239
threshold=22.450000000000003 18.050000000000004 67.500000000000014 25.900000000000002 23.550000000000004 21.411180165731089 23.600000000000005 31.854166666666668 14.950000000000001 0.20247206378768476 16.053524396315662 24.300000000000001 1.1127844712182065 1.3321956769055745
decision_type=2 2 2 2 2 2 2 2 2 2 2 2 2 2
left_child=1 7 11 4 -4 9 -7 13 -9 -3 -5 12 -2 -1
right_child=2 5 3 10 -6 6 -8 8 -10 -11 -12 -13 -14 -15
leaf_value=-0.044175122363887487 -0.019131840810892805 -0.0067404788507332367 0.019800104779480389 0.028545923923610377 0.03663731218799373 0.0059586045493149383 -0.031460231819295567 -0.027849092925705074 -0.0077628384335819995 0.032328552898345249 0.044680004223973092 0.012691684393805797 -0.042471477138881573 -0.045205744029146198
leaf_weight=5.6647425740957242 4.5758426785469037 8.3815733939409238 166.33541356027126 45.384583413600922 92.347607225179672 218.16681483387947 12.768377289175985 30.782216250896454 172.09455849230289 29.857491225004196 161.12491178512573 4.5012818127870551 5.1718011796474457 4.4529134035110474
leaf_count=26 20 32 514 128 253 766 56 135 678 87 413 15 25 20
internal_value=0.0146459 -0.00173738 0.0311224 0.0326132 0.0258108 0.00671322 0.00388972 -0.0124169 -0.0108105 0.0237651 0.0411342 -0.0175501 -0.0315151 -0.0446287
internal_weight=961.61 482.169 479.441 465.193 258.683 269.174 230.935 212.994 202.877 38.2391 206.509 14.2489 9.74764 10.1177
internal_count=3168 1800 1368 1308 767 941 822 859 813 119 541 60 45 46
is_linear=0
shrinkage=0.03


Tree=9
num_leaves=15
num_cat=0
split_feature=12 12 10 12 0 33 27 23 7 38 22 28 4 14
split_gain=269.887 51.7862 33.689 25.3088 14.1851 13.1076 12.3705 15.4089 10.7495 8.34047 8.16039 6.29067 4.22033 1.673
threshold=22.650000000000002 18.650000000000002 67.500000000000014 29.850000000000005 1.0000000180025095e-35 23.587749933503186 22.577753049840108 24.499261992619932 7.4303484706483784 0.24514096356581158 13.65 17.55509866894792 5.4733333333333336 28.250000000000004
decision_type=2 2 2 2 2 2 2 2 2 2 2 2 2 2
left_child=1 5 11 4 -4 8 7 -3 -1 -8 -7 13 -5 -2
right_child=2 6 3 12 -6 10 9 -9 -10 -11 -12 -13 -14 -15
leaf_value=-0.017379837935817148 -0.043227035747552191 0.0086844862114397372 0.023296764905196773 0.040517476452843378 0.034978036818958669 -0.02437845621408365 0.030266583974719066 -0.014491154829624027 0.0022758702021592652 -0.0070851351500440078 0.0083840844190958136 0.012207035492167655 0.055873637002817444 -0.016969600460052924
leaf_weight=163.79518780112267 4.6117295622825605 197.11384449899197 179.58388751745224 27.570820316672325 195.32141053676605 8.2053733021020872 32.155716627836227 29.711471274495125 29.56014883518219 6.4615206718444815 41.18680727481842 4.7074717283248892 38.739736035466194 4.1484205722808838
leaf_count=686 22 672 529 70 537 35 96 118 109 23 147 17 89 18
internal_value=0.0141863 -0.000837162 0.0309777 0.0324044 0.0293826 -0.0108515 0.00832098 0.00564875 -0.0143749 0.0240168 0.00294134 -0.0157626 0.0494888 -0.0307927
internal_weight=962.874 508.19 454.683 441.216 374.905 242.748 265.443 226.825 193.355 38.6172 49.3922 13.4676 66.3106 8.76015
internal_count=3168 1886 1282 1225 1066 977 909 790 795 119 182 57 159 40
is_linear=0
shrinkage=0.03


Tree=10
num_leaves=15
num_cat=0
split_feature=12 12 10 12 10 30 16 33 28 36 38 27 16 11
split_gain=252.905 43.0135 34.4599 27.2538 13.6224 13.5066 17.2879 11.5702 12.389 11.0822 10.3518 6.33968 6.03824 1.52206
threshold=22.200000000000006 17.950000000000003 67.500000000000014 27.650000000000002 92.500000000000014 21.411180165731089 23.600000000000005 25.935335192814616 18.963251960536301 32.519230769230781 0.20870562425209413 19.635189513521873 21.750000000000004 5.4142857142857155
decision_type=2 2 2 2 2 2 2 2 2 2 2 2 2 2
left_child=1 7 12 4 -4 10 -7 9 -9 -1 -3 -5 13 -2
right_child=2 5 3 11 -6 6 -8 8 -10 -11 -12 -13 -14 -15
leaf_value=-0.040349462969074407 -0.017776092773304594 -0.0021668266416183788 0.013915012714816058 0.032809727645376138 0.0288592028039566 0.0052930040561249211 -0.030822528492429432 0.022229431737324556 -0.027729218010539531 -0.01248413459309917 0.032333781436238114 0.04592669623978856 0.0084680268103816993 -0.042027034440542885
leaf_weight=13.905141815543173 4.4615323990583402 10.933420807123182 70.002238065004349 51.350921720266342 254.41734266281128 223.55180113017559 12.601192876696585 16.039844498038295 6.1920298486948004 168.49977493286133 27.55065293610096 93.62421503663063 5.8343290388584128 4.8737048953771591
leaf_count=63 20 40 218 138 724 786 56 54 26 690 79 230 20 24
internal_value=0.0137456 -0.00170632 0.0290287 0.0304669 0.0256346 0.00605157 0.00336587 -0.012118 0.00831493 -0.0146084 0.0225321 0.0412806 -0.0154738 -0.0304369
internal_weight=963.838 479.274 484.564 469.395 324.42 274.637 236.153 204.637 22.2319 182.405 38.4841 144.975 15.1696 9.33524
internal_count=3168 1794 1374 1310 942 961 842 833 80 753 119 368 64 44
is_linear=0
shrinkage=0.03


Tree=11
num_leaves=15
num_cat=0
split_feature=12 12 10 12 0 12 8 27 16 28 28 33 4 14
split_gain=237.092 46.2459 29.4185 23.1092 13.2224 12.589 13.1043 11.3953 14.7139 8.04104 5.92018 4.22497 3.98611 1.65973
threshold=22.650000000000002 18.650000000000002 67.500000000000014 29.850000000000005 1.0000000180025095e-35 14.950000000000001 1.6472842010367368 22.577753049840108 20.250000000000004 18.537708514799419 17.55509866894792 19.333911026324159 5.4733333333333336 28.250000000000004
decision_type=2 2 2 2 2 2 2 2 2 2 2 2 2 2
left_child=1 5 10 4 -4 11 -7 8 -3 -9 13 -1 -5 -2
right_child=2 7 3 12 -6 6 -8 9 -10 -11 -12 -13 -14 -15
leaf_value=-0.008534232690593167 -0.042461265973884478 0.0090334285703804421 0.021574282564330239 0.037909105999744605 0.032812407662506045 -0.011634153052926406 0.0064803894302803509 0.0083715220904091222 -0.010144901754758615 0.035714814660989178 0.012001666608026896 -0.033912225108160464 0.052815337009580583 -0.016019378727824617
leaf_weight=7.7857677787542334 4.4885466843843442 182.56940749287605 180.79649949073792 27.644186481833458 196.7777942866087 162.58263392746449 46.142465636134148 18.302341789007187 44.848020598292351 20.545149564743042 4.7083007842302314 24.428926706314087 38.816765174269676 4.0770438760519028
leaf_count=32 22 618 529 70 537 664 168 62 172 57 17 113 89 18
internal_value=0.0133226 -0.000800744 0.028987 0.0303025 0.0274312 -0.0103236 -0.00762961 0.0078164 0.00525135 0.0228325 -0.0150215 -0.0277788 0.0466151 -0.0298755
internal_weight=964.514 507.205 457.309 444.035 377.574 240.94 208.725 266.265 227.417 38.8475 13.2739 32.2147 66.461 8.56559
internal_count=3168 1886 1282 1225 1066 977 832 909 790 119 57 145 159 40
is_linear=0
shrinkage=0.03


Tree=12
num_leaves=15
num_cat=0
split_feature=12 12 10 12 11 30 38 33 28 36 34 38 16 5
split_gain=222.714 38.4332 30.2839 25.2268 16.2824 12.4562 16.6417 10.9456 11.6592 10.7478 9.79116 9.602 5.69322 1.53479
threshold=22.200000000000006 17.950000000000003 67.500000000000014 25.900000000000002 23.550000000000004 21.411180165731089 0.19862222784649938 25.935335192814616 18.963251960536301 32.519230769230781 14.038970720585819 0.20247206378768476 21.750000000000004 1.3484848484848486
decision_type=2 2 2 2 2 2 2 2 2 2 2 2 2 2
left_child=1 7 12 4 -4 11 -7 9 -9 -1 -5 -3 13 -2
right_child=2 5 3 10 -6 6 -8 8 -10 -11 -12 -13 -14 -15
leaf_value=-0.039577657640591762 -0.016781308689953971 -0.0069252198506959241 0.016803184379265659 -0.0072528780281511775 0.032382162005010123 0.015269383284178413 -0.0021044907400171895 0.021728950377696055 -0.026934042087018665 -0.011884573331860665 0.037294197311928852 0.029337374464670097 0.0083270001187049462 -0.041402522835189602
leaf_weight=13.643234893679617 4.3752597719430906 8.3944902271032316 169.35508136451244 4.5393305569887152 93.831851482391357 70.820355802774429 165.74456305801868 16.103490352630619 6.1132504492998114 167.04086004197598 204.08948332071304 30.267496839165688 5.8388275057077399 4.7550036013126373
leaf_count=63 20 32 515 15 254 239 603 54 26 690 526 87 20 24
internal_value=0.0129166 -0.00162615 0.0272008 0.0285336 0.0223574 0.00567681 0.00309672 -0.0115323 0.00833864 -0.0139756 0.0363249 0.0214639 -0.0148086 -0.0296039
internal_weight=964.913 478.128 486.785 471.816 263.187 275.227 236.565 202.901 22.2167 180.684 208.629 38.662 14.9691 9.13026
internal_count=3168 1794 1374 1310 769 961 842 833 80 753 541 119 64 44
is_linear=0
shrinkage=0.03


Tree=13
num_leaves=15
num_cat=0
split_feature=12 12 10 12 10 30 38 38 12 33 27 16 8 4
split_gain=209.006 36.2782 28.3736 23.8355 12.2972 11.7115 16.5934 15.5323 10.9206 11.1866 5.90439 5.44547 1.50753 0.573657
threshold=22.200000000000006 17.950000000000003 67.500000000000014 27.650000000000002 92.500000000000014 19.388743695638201 0.18651821695863149 0.19940912582041612 12.450000000000001 23.587749933503186 19.635189513521873 21.750000000000004 1.1127844712182065 5.0633333333333344
decision_type=2 2 2 2 2 2 2 2 2 2 2 2 2 2
left_child=1 8 11 4 -4 7 -7 -3 13 -10 -5 12 -2 -1
right_child=2 5 3 10 -6 6 -8 -9 9 -11 -12 -13 -14 -15
leaf_value=-0.042444607556776169 -0.016388922680500299 -0.024423745536874542 0.012042689795250951 0.029581773558597112 0.026184670535757883 0.02102044485931993 -0.00010543564436033674 0.032933953699341718 -0.013209661580951741 0.0046318854834460008 0.042216443971723042 0.0080602611514671747 -0.040949234121533909 -0.028806387770287784
leaf_weight=8.691331595182417 4.3424737304449064 5.1209491193294552 70.546029314398766 51.595855548977852 256.71466781198978 39.970946475863457 205.47970673441887 24.957264050841331 149.10238754749298 40.143933787941933 93.814763471484184 5.8509030789136878 4.6662170737981796 4.0781960487365714
leaf_count=42 20 21 218 138 724 131 739 70 625 147 230 20 24 19
internal_value=0.0125261 -0.0015802 0.0263435 0.0276268 0.0231362 0.00550001 0.00333485 0.0231686 -0.0112369 -0.00942502 0.0377333 -0.0144746 -0.0291104 -0.038089
internal_weight=965.076 477.545 487.531 472.671 327.261 275.529 245.451 30.0782 202.016 189.246 145.411 14.8596 9.00869 12.7695
internal_count=3168 1794 1374 1310 942 961 870 91 833 772 368 64 44 61
is_linear=0
shrinkage=0.03


Tree=14
num_leaves=15
num_cat=0
split_feature=12 12 10 12 0 12 8 6 4 6 28 33 4 14
split_gain=196.476 38.975 24.1202 20.9818 12.3956 11.5602 12.523 10.8796 15.8901 11.0247 5.51262 4.13563 3.85369 1.6641
threshold=22.650000000000002 18.650000000000002 67.500000000000014 29.850000000000005 1.0000000180025095e-35 14.950000000000001 1.6472842010367368 6.7928571428571436 5.2100000000000017 7.9473324213406302 17.55509866894792 19.333911026324159 5.4733333333333336 28.250000000000004
decision_type=2 2 2 2 2 2 2 2 2 2 2 2 2 2
left_child=1 5 10 4 -4 11 -7 8 -3 -9 13 -1 -5 -2
right_child=2 7 3 12 -6 6 -8 9 -10 -11 -12 -13 -14 -15
leaf_value=-0.0073822364798498304 -0.041573088763863036 0.00040464402028055351 0.019160030419959378 0.034544406281260709 0.030004024866199224 -0.010945807312341989 0.0068062600524219649 -0.0071683297519369903 0.030652989816530647 0.0081992086755566865 0.012024759255699163 -0.032738990316526488 0.049223923206104817 -0.014660436938226318
leaf_weight=7.659523710608485 4.3160595744848234 27.039203017950058 182.07677738368511 27.588475555181503 198.07922394573689 160.95466805994511 45.98201996088028 59.332387000322342 37.043830469250679 143.94689075648785 4.6891969591379157 23.703547462821007 38.634839043021202 3.9696542173624039
leaf_count=32 22 96 529 70 537 664 168 215 112 486 17 113 89 18
internal_value=0.0121504 -0.000751502 0.0263529 0.0275249 0.0248103 -0.00957361 -0.00700124 0.00711163 0.01789 0.00371379 -0.0139687 -0.0265463 0.0431085 -0.0286793
internal_weight=965.016 505.662 459.354 446.379 380.156 238.3 206.937 267.362 64.083 203.279 12.9749 31.3631 66.2233 8.28571
internal_count=3168 1886 1282 1225 1066 977 832 909 208 701 57 145 159 40
is_linear=0
shrinkage=0.03


Tree=15
num_leaves=15
num_cat=0
split_feature=12 12 12 10 28 9 30 16 12 32 38 9 27 38
split_gain=184.66 32.4461 25.1198 23.5043 11.45 11.1464 10.9414 16.2083 10.3047 10.6509 8.57608 5.56984 4.86343 0.576857
threshold=22.200000000000006 17.950000000000003 27.650000000000002 70.500000000000014 16.227426269273263 30.757142857142863 21.411180165731089 23.600000000000005 12.450000000000001 21.166370398343478 0.20870562425209413 20.211111111111112 19.533426994069288 0.22859982959386538
decision_type=2 2 2 2 2 2 2 2 2 2 2 2 2 2
left_child=1 8 3 11 -5 -4 10 -8 13 -10 -3 -2 -7 -1
right_child=2 6 5 4 -6 12 7 -9 9 -11 -12 -13 -14 -15
leaf_value=-0.041611525803686593 -0.0017385839131845481 -0.002589672600581685 -0.017100732015205542 0.010385142600338805 0.024520691823123775 0.028546343873465139 0.0045994917999396525 -0.030495043331685352 -0.01325817443329204 0.0028797998230798783 0.028734974070782519 -0.042813664941505021 0.040221015902707484 -0.027746870912211632
leaf_weight=8.4344625622034055 6.2961867749690992 10.948013633489607 3.5992823988199225 64.095269337296486 263.98073217272758 48.076252207159996 224.69958519935608 12.503118276596068 137.67580458521843 50.237716153264046 27.943023189902306 5.6261743307113647 96.72439843416214 3.9729981422424308
leaf_count=42 25 40 15 195 745 128 786 56 582 190 79 28 238 19
internal_value=0.0117877 -0.00150091 0.0247503 0.0202554 0.0217591 0.0350486 0.00516785 0.00274963 -0.0106922 -0.00894377 0.0199169 -0.021122 0.0363448 -0.0371719
internal_weight=964.813 476.415 488.398 339.998 328.076 148.4 276.094 237.203 200.321 187.914 38.891 11.9224 144.801 12.4075
internal_count=3168 1794 1374 993 940 381 961 842 833 772 119 53 366 61
is_linear=0
shrinkage=0.03


Tree=16
num_leaves=14
num_cat=0
split_feature=12 12 10 12 0 33 34 4 6 7 26 18 4
split_gain=173.903 34.7993 21.1338 19.5195 11.6709 11.0245 10.6059 17.9962 13.6393 10.2709 7.67854 5.24496 3.7183
threshold=22.650000000000002 18.650000000000002 67.500000000000014 29.850000000000005 1.0000000180025095e-35 23.587749933503186 15.805350917251074 5.1833333333333345 5.4712874453644158 6.6337618239146261 19.500535585909422 18.150000000000002 5.4733333333333336
decision_type=2 2 2 2 2 2 2 2 2 2 2 2 2
left_child=1 5 11 4 -4 9 7 -3 -8 -1 -7 -2 -5
right_child=2 6 3 12 -6 10 8 -9 -10 -11 -12 -13 -14
leaf_value=-0.016107800219876161 -0.031905821724032814 -0.036297375605792215 0.017795267546839338 0.032537282050516536 0.028303596342845735 0.029356223918987893 0.036899901040935865 0.0079603022701891842 0.0071139181361439801 0.00092627981107943551 -0.0019028460774858011 0.0065422129350982605 0.046999632769267538
leaf_weight=146.9392247647047 6.5796163082122785 13.236207082867621 182.6036297082901 27.460429325699806 198.54967977106571 8.5727808624505979 14.773836955428122 22.03349082171917 217.95605932176113 40.67680199444294 40.411054685711861 6.2044966369867325 38.335344776511192
leaf_count=639 34 54 529 70 537 27 44 74 737 156 155 23 89
internal_value=0.0114393 -0.000720954 0.0247862 0.0258741 0.0232692 -0.00910576 0.00668146 -0.00864896 0.00900475 -0.0124147 0.00356788 -0.0132459 0.0409636
internal_weight=964.333 504.599 459.733 446.949 381.153 236.6 268 35.2697 232.73 187.616 48.9838 12.7841 65.7958
internal_count=3168 1886 1282 1225 1066 977 909 128 781 795 182 57 159
is_linear=0
shrinkage=0.03


Tree=17
num_leaves=14
num_cat=0
split_feature=12 12 12 10 12 33 4 35 6 9 27 9 4
split_gain=163.602 32.8035 20.4348 18.3008 10.8853 11.7282 10.1249 10.0949 10.5906 10.0166 4.61621 4.1327 0.584676
threshold=22.650000000000002 18.650000000000002 27.650000000000002 70.500000000000014 12.450000000000001 23.587749933503186 5.7366666666666672 3.5000000000000004 11.26808681672026 30.757142857142863 19.533426994069288 20.211111111111112 5.0633333333333344
decision_type=2 2 2 2 2 2 2 2 2 2 2 2 2
left_child=1 4 3 11 12 -6 -5 -3 -9 -4 -11 -2 -1
right_child=2 7 9 6 5 -7 -8 8 -10 10 -12 -13 -14
leaf_value=-0.041056274409394626 -0.0023247205602629777 -0.027464630966584566 -0.016521881216622812 0.017288369842453855 -0.0108756645274121 0.0060826386652485763 0.029129018668001806 0.0088493961864490114 -0.019004847035320981 0.026861822219111278 0.038251532665461434 -0.041453084850988149 -0.026949635909917738
leaf_weight=8.2476363331079465 5.1556711792945844 7.6639520525932303 3.55372729897499 207.4922501295805 177.28371725976467 46.2862638682127 94.641196012496948 247.79981522262096 12.925988331437109 48.000944525003433 96.230310633778572 4.5941255241632462 3.8921882361173621
leaf_count=42 21 30 15 603 748 168 253 830 49 128 238 24 19
internal_value=0.0111022 -0.000700876 0.0240461 0.0196919 -0.00886703 -0.00736474 0.0209974 0.00647094 0.00746847 0.033235 0.034461 -0.0207621 -0.0365335
internal_weight=963.768 504.1 459.668 311.883 235.71 223.57 302.133 268.39 260.726 147.785 144.231 9.7498 12.1398
internal_count=3168 1886 1282 901 977 916 856 909 879 381 366 45 61
is_linear=0
shrinkage=0.03


Tree=18
num_leaves=15
num_cat=0
split_feature=12 12 12 10 6 30 38 38 7 27 30 28 30 38
split_gain=154.202 26.7391 23.1321 15.7924 14.5697 11.0808 16.2326 14.4129 10.6891 10.5184 9.94526 8.7922 8.67734 6.94457
threshold=22.050000000000004 17.950000000000003 25.550000000000004 87.500000000000014 9.6808645899554993 19.388743695638201 0.19862222784649938 0.19940912582041612 0.59406587661206001 21.222864019253915 22.577753049840108 16.053524396315662 23.865865384615386 0.21543332780266577
decision_type=2 2 2 2 2 2 2 2 2 2 2 2 2 2
left_child=1 10 3 4 -2 7 -7 -3 -4 -5 13 -10 -12 -1
right_child=2 5 8 9 -6 6 -8 -9 11 -11 12 -13 -14 -15
leaf_value=-0.010996282822539252 0.01204017073393542 -0.024193751712240193 -0.014007829757597691 0.014839636065316037 -0.02617472590994363 0.014578880408906309 -0.0026034651955275279 0.031146302570259046 0.018871263326253118 0.028597744912767738 0.027373280073861486 0.033367865233470219 -0.0086878531240219617 -0.042532693403381151
leaf_weight=11.964459881186487 26.275312811136246 5.1025727242231396 5.0050648599863043 148.84121853113174 13.640219181776045 69.879144832491875 169.54691064357758 24.928668767213821 47.696751028299332 75.319900169968605 6.2301982939243308 178.82607080042362 166.52507032454014 13.237402155995367
leaf_count=51 84 21 18 439 55 233 614 69 134 205 23 463 695 64
internal_value=0.0107772 -0.00158415 0.0224354 0.0163667 -0.0010189 0.00456598 0.00241139 0.0217435 0.0293573 0.0194625 -0.00995565 0.0303155 -0.00738735 -0.0275609
internal_weight=963.019 467.414 495.605 264.077 39.9155 269.457 239.426 30.0312 231.528 224.161 197.957 226.523 172.755 25.2019
internal_count=3168 1770 1398 783 139 937 847 90 615 644 833 597 718 115
is_linear=0
shrinkage=0.03


Tree=19
num_leaves=15
num_cat=0
split_feature=12 12 12 10 28 5 38 12 32 9 0 9 9 38
split_gain=145.153 29.3557 18.9259 16.5126 10.0048 12.39 11.7423 9.59755 9.46774 9.45434 9.43291 4.45199 4.04537 0.596729
threshold=22.650000000000002 17.950000000000003 27.650000000000002 70.500000000000014 20.20203555147398 2.2111111111111117 0.21408471506416984 12.450000000000001 21.166370398343478 30.757142857142863 1.0000000180025095e-35 97.633333333333354 20.211111111111112 0.22859982959386538
decision_type=2 2 2 2 2 2 2 2 2 2 2 2 2 2
left_child=1 7 3 12 5 -3 -6 13 -9 -4 -5 -11 -2 -1
right_child=2 4 9 10 6 -7 -8 8 -10 11 -12 -13 -14 -15
leaf_value=-0.040498229661234127 -0.0020003253748761955 -0.022773393949637091 -0.01674847006296824 0.014131538843507683 0.041212924005108995 0.0050129214386936587 0.00064359722866056106 -0.012147634696781933 0.0031225760936354628 0.030075080714977404 0.024740187412283222 0.043246403199395295 -0.040967812227074303 -0.026075081025894589
leaf_weight=8.0483573228120786 5.1370384544134122 15.276396453380583 3.5617846399545661 143.47697576880455 14.27883490920067 264.67223508656025 11.667680293321608 135.27029214799404 50.068183571100235 114.52052350342274 159.06248831748962 28.930684730410576 4.4963904470205307 3.8008575886487952
leaf_count=42 21 60 15 421 40 913 40 582 190 297 435 69 24 19
internal_value=0.0104617 -0.000669983 0.0226575 0.0184779 0.00514839 0.00349666 0.0229696 -0.00969596 -0.00802247 0.0315326 0.0197091 0.0327314 -0.0201883 -0.0358717
internal_weight=962.269 503.083 459.186 312.173 305.895 279.949 25.9465 197.188 185.338 147.013 302.539 143.451 9.63343 11.8492
internal_count=3168 1886 1282 901 1053 973 80 833 772 381 856 366 45 61
is_linear=0
shrinkage=0.03


Tree=20
num_leaves=15
num_cat=0
split_feature=12 12 12 29 11 6 32 6 11 7 30 28 30 27
split_gain=137.329 28.2619 16.2473 13.9726 13.6668 13.2342 12.9228 10.3279 10.0199 9.98287 9.49785 8.37519 8.1686 6.83455
threshold=21.150000000000002 25.550000000000004 17.950000000000003 17.847340425531922 23.366666666666667 11.66389811738649 22.466548629984668 7.9725816245504246 22.708333333333339 0.59406587661206001 22.577753049840108 16.053524396315662 23.865865384615386 21.78474349167249
decision_type=2 2 2 2 2 2 2 2 2 2 2 2 2 2
left_child=2 4 10 7 8 -6 -5 -4 -2 -3 13 -11 -12 -1
right_child=1 9 3 6 5 -7 -8 -9 -10 11 12 -13 -14 -15
leaf_value=-0.03851141751872611 0.01239008066959801 -0.014213862979280423 0.005068840587983312 -0.0055861867742076866 0.02489094674519933 -0.015842208236371204 0.013919015342880099 0.037874833674793704 -0.0053862801107120353 0.017529341157054373 0.026669126787867089 0.031695923674324049 -0.0082131278870309337 -0.0055894266490413907
leaf_weight=15.967277035117151 178.65071229636669 4.9846699833869925 19.042523473501205 127.92173500359058 111.03506074845791 7.6748604625463477 40.169863536953926 15.805144622921942 33.96289986371994 47.598700240254402 6.2711819112300864 178.05504068732262 165.3347058147192 8.8045534491538984
leaf_count=78 560 18 63 472 310 26 133 44 112 134 23 463 695 37
internal_value=0.0101581 0.0197164 -0.00329345 0.00265927 0.0141033 0.0222575 -0.000924911 0.019948 0.00955048 0.02778 -0.00944508 0.0287077 -0.00693839 -0.0268101
internal_weight=961.279 561.962 399.317 202.939 331.324 118.71 168.092 34.8477 212.614 230.638 196.378 225.654 171.606 24.7718
internal_count=3168 1623 1545 712 1008 336 605 107 672 615 833 597 718 115
is_linear=0
shrinkage=0.03


Tree=21
num_leaves=15
num_cat=0
split_feature=12 12 10 27 18 9 12 36 4 12 30 22 28 20
split_gain=129.542 23.0062 20.1206 18.0117 13.9235 12.9756 11.6634 9.40221 9.37498 9.31201 9.12905 6.22552 5.93238 0.52716
threshold=22.200000000000006 17.950000000000003 92.500000000000014 21.222864019253915 23.750000000000004 67.90000000000002 26.900000000000002 32.041666666666679 1.7660714285714287 12.450000000000001 19.388743695638201 19.750000000000004 17.55509866894792 28.550000000000004
decision_type=2 2 2 2 2 2 2 2 2 2 2 2 2 2
left_child=1 7 5 4 -4 12 -7 13 -3 -9 -10 -5 -2 -1
right_child=2 8 3 11 -6 6 -8 9 10 -11 -12 -13 -14 -15
leaf_value=-0.027999912917435667 -0.019507961877750356 -0.031084217707495664 0.015182968522575892 0.024927348675371629 0.033428072048025594 0.0080467147266246857 0.033268916678660249 -0.034868028860646876 0.020719074841649778 -0.0059599041045431504 0.0031547196007314236 0.037550561723342202 0.0091741617627728918 -0.041816938603747175
leaf_weight=3.9685065895318967 16.952091321349148 6.6028754115104666 187.94657884538174 60.270890206098557 47.072512403130531 56.85111528635025 23.248304843902588 10.640720978379248 29.940776377916336 174.37086537480354 240.99010974168777 84.404479503631592 10.516143456101416 6.6488054096698761
leaf_count=19 71 27 541 163 120 174 59 56 89 725 845 211 35 33
internal_value=0.00986188 -0.00131889 0.0207191 0.0239639 0.0188373 0.00926567 0.0153673 -0.00919805 0.004235 -0.00762252 0.00509577 0.0322918 -0.00852708 -0.0366525
internal_weight=960.425 473.163 487.262 379.694 235.019 107.568 80.0994 195.629 277.534 185.012 270.931 144.675 27.4682 10.6173
internal_count=3168 1794 1374 1035 661 339 233 833 961 781 934 374 106 52
is_linear=0
shrinkage=0.03


Tree=22
num_leaves=14
num_cat=0
split_feature=12 12 12 10 36 7 32 7 11 18 38 33 13
split_gain=122.309 25.7405 15.208 12.9385 10.1338 14.2594 12.7864 9.38484 9.03832 7.85056 6.51345 4.18463 2.58765
threshold=21.150000000000002 25.550000000000004 14.950000000000001 71.500000000000014 41.154761904761905 1.9534930677076328 21.637823915036293 0.59406587661206001 23.550000000000004 23.750000000000004 0.20341060152874713 19.333911026324159 9.5500000000000025
decision_type=2 2 2 2 2 2 2 2 2 2 2 2 2
left_child=2 3 11 10 5 -4 -6 -3 -5 -9 -2 -1 -13
right_child=1 7 4 8 6 -7 -8 9 -10 -11 -12 12 -14
leaf_value=-0.0042114541324909851 0.0089350905522816021 -0.014471048751266596 -0.022026329290198803 0.010869630813770402 -0.023965900512936626 0.0023347382553314346 0.0077253987975428569 0.022675592772911791 0.021547619900435779 0.03414188147717722 -0.032148991441136837 -0.040362143352650315 -0.019812597946037121
leaf_weight=7.291591644287112 6.0273184627294532 4.9653435200452796 23.348342642188072 209.28832679986954 35.416389107704163 292.92960086464882 16.937943786382675 135.40154513716698 108.2403079867363 89.105172947049141 8.1951603293418867 11.402513653039934 10.680947810411451
leaf_count=32 23 18 98 643 149 1093 60 371 305 226 37 60 53
internal_value=0.0095779 0.0185991 -0.00314279 0.0132557 -0.00148738 0.00053635 -0.013713 0.0263242 0.0145096 0.0272265 -0.014738 -0.0239167 -0.0304231
internal_weight=959.231 561.223 398.007 331.751 368.632 316.278 52.3543 229.472 317.529 224.507 14.2225 29.3751 22.0835
internal_count=3168 1623 1545 1008 1400 1191 209 615 948 597 60 145 113
is_linear=0
shrinkage=0.03


Tree=23
num_leaves=16
num_cat=0
split_feature=12 12 4 12 3 6 4 6 33 7 36 27 34 22 19
split_gain=115.7 23.752 16.6235 13.2649 10.8474 9.9205 14.2132 10.1236 9.41295 9.99759 9.23922 7.18939 7.14625 11.2157 4.8947
threshold=22.650000000000002 18.650000000000002 5.6633333333333349 25.900000000000002 1.5000000000000002 6.7928571428571436 5.0633333333333344 7.9473324213406302 23.587749933503186 6.6337618239146261 40.139423076923087 20.493061863168769 17.653581337975815 23.200000000000003 25.950000000000003
decision_type=2 2 2 2 2 2 2 2 2 2 2 2 2 2 2
left_child=1 8 3 4 -2 6 -3 -7 9 -1 -5 -10 13 -4 -14
right_child=2 5 12 10 -6 7 -8 -9 11 -11 -12 -13 14 -15 -16
leaf_value=-0.014537599739066029 -0.0077512550652817725 -0.0018453996252505132 0.027722804156347473 0.028389573608991515 0.013759722920976896 -0.0082388021912002535 0.026908708180896912 0.0064324744368208717 0.017480781379607735 0.0024428532457513854 0.007839203286142394 -0.0058580049181345345 0.026389642103265075 0.00012092535921523289 0.039934593585295615
leaf_weight=142.79039017856121 24.466249972581863 25.472610667347908 50.155749753117561 89.681618377566338 153.26794718205929 59.722215056419373 39.405795857310295 145.34941840171814 20.598048433661461 39.933307230472565 25.22864593565464 28.062869772315025 48.231905698776245 18.005685314536095 47.814667537808418
leaf_count=639 82 90 132 239 454 215 118 486 71 156 75 111 128 55 117
internal_value=0.00930054 -0.000650926 0.020221 0.0159343 0.0107986 0.00539459 0.0156192 0.00215982 -0.00770406 -0.0108266 0.0238777 0.00402125 0.0278605 0.0204314 0.0331327
internal_weight=958.187 501.335 456.852 292.644 177.734 269.95 64.8784 205.072 231.385 182.724 114.91 48.6609 164.208 68.1614 96.0466
internal_count=3168 1886 1282 850 536 909 208 701 977 795 314 182 432 187 245
is_linear=0
shrinkage=0.03


Tree=24
num_leaves=15
num_cat=0
split_feature=12 12 12 10 36 28 23 24 30 0 9 9 9 20
split_gain=109.071 22.456 16.0329 13.9948 9.13666 9.01271 16.8118 9.37451 8.86509 8.8417 8.54839 4.25391 3.89101 0.523735
threshold=22.650000000000002 17.950000000000003 27.650000000000002 70.500000000000014 32.041666666666679 15.652916666666668 23.415638932168445 23.165614012571776 22.577753049840108 1.0000000180025095e-35 30.757142857142863 97.633333333333354 20.211111111111112 28.550000000000004
decision_type=2 2 2 2 2 2 2 2 2 2 2 2 2 2
left_child=1 4 3 12 13 6 -3 -7 -6 -5 -4 -12 -2 -1
right_child=2 5 10 9 8 7 -8 -9 -10 -11 11 -13 -14 -15
leaf_value=-0.027313381220078523 -0.002209657021854041 -0.026557402160933458 -0.017810641107659314 0.011557994824949932 -0.024732214601786411 0.0079746445299277557 0.018830664615394111 -0.010862231055638345 -0.0046151479170912771 0.021831784692222474 0.026471795491504354 0.039508893555609367 -0.040611077295684049 -0.041230833160574847
leaf_weight=3.8943974673747999 5.1479993015527707 20.889410927891731 3.5880591273307791 143.63575495779514 22.468497067689896 248.56058557331562 11.327416732907293 26.293154269456863 160.87239351868629 158.67447258532047 112.51569283008575 28.163465917110443 4.408109650015831 6.4872576147317886
leaf_count=19 21 84 15 421 106 833 37 99 675 435 297 69 24 33
internal_value=0.00903341 -0.000632747 0.019646 0.0158205 -0.00863085 0.00441304 -0.010599 0.00617266 -0.0070805 0.0169504 0.0279155 0.0290818 -0.0199237 -0.0360101
internal_weight=956.927 500.793 456.134 311.866 193.723 307.071 32.2168 274.854 183.341 302.31 144.267 140.679 9.55611 10.3817
internal_count=3168 1886 1282 901 833 1053 121 932 781 856 381 366 45 52
is_linear=0
shrinkage=0.03


Tree=25
num_leaves=15
num_cat=0
split_feature=12 12 12 10 36 7 32 5 5 28 38 17 33 13
split_gain=103.148 22.3799 14.0472 11.5152 9.55427 13.5052 12.0126 9.01645 8.83224 8.11213 6.17833 5.07497 4.1742 2.59269
threshold=21.150000000000002 25.550000000000004 14.950000000000001 71.500000000000014 41.154761904761905 1.9534930677076328 21.637823915036293 7.9000000000000012 3.4083333333333337 16.241542859099003 0.20341060152874713 34.500000000000007 19.333911026324159 9.5500000000000025
decision_type=2 2 2 2 2 2 2 2 2 2 2 2 2 2
left_child=2 3 12 10 5 -4 -6 -5 11 -10 -2 -3 -1 -14
right_child=1 8 4 7 6 -7 -8 -9 9 -11 -12 -13 13 -15
leaf_value=-0.0033292730156195072 0.0085569902901645178 -0.021024042948700399 -0.02146996293446201 0.014263132341622822 -0.023310792155327942 0.0023543192596581124 0.0074420405246038834 -0.012823065062017889 0.015378917214649256 0.029011568474061437 -0.031542118127295141 0.017760020467639342 -0.039827286944023224 -0.019015389836999418
leaf_weight=7.1892721503973034 6.0419385433197013 5.7436856925487501 23.10635033249855 306.33056943118572 35.01412932574749 292.42161102592945 16.97324338555336 11.47501504421234 51.720559924840927 163.37385742366314 8.0865749567747098 6.4422375708818436 11.098576039075853 10.468944430351256
leaf_count=32 23 25 98 910 149 1093 60 38 146 426 37 18 60 53
internal_value=0.00877559 0.0170731 -0.00293375 0.012107 -0.00135377 0.000609649 -0.0132704 0.0132851 0.0243259 0.0257335 -0.0143941 -0.000520373 -0.0231261 -0.0297251
internal_weight=955.487 559.214 396.272 331.934 367.515 315.528 51.9874 317.806 227.28 215.094 14.1285 12.1859 28.7568 21.5675
internal_count=3168 1623 1545 1008 1400 1191 209 948 615 572 60 43 145 113
is_linear=0
shrinkage=0.03


Tree=26
num_leaves=16
num_cat=0
split_feature=12 12 4 12 3 6 5 12 8 36 32 34 22 19 38
split_gain=97.6466 20.4455 15.4088 11.8417 10.1078 9.92953 9.39562 9.2741 10.1254 8.76863 7.82538 6.85114 10.6031 4.70871 0.641137
threshold=22.650000000000002 18.750000000000004 5.6633333333333349 25.900000000000002 1.5000000000000002 5.4712874453644158 2.6770833333333335 12.450000000000001 1.5711548987411057 40.139423076923087 20.537321940595653 17.653581337975815 23.200000000000003 25.950000000000003 0.22859982959386538
decision_type=2 2 2 2 2 2 2 2 2 2 2 2 2 2 2
left_child=1 7 3 4 -2 10 -7 14 -9 -5 -3 12 -4 -13 -1
right_child=2 5 11 9 -6 6 -8 8 -10 -11 -12 13 -14 -15 -16
leaf_value=-0.038956505975124907 -0.0082969232027302955 0.00080802992409917016 0.025831716419877481 0.026443049510839877 0.012481919590571581 -0.019203325772522723 0.0051431121651014759 -0.0096811930060491658 0.0042274845709994076 0.0063454118747090582 0.042038943288552122 0.024545685559343982 -0.0010752747587349403 0.037895050810180353 -0.023387955098661505
leaf_weight=7.4096439033746702 24.427791908383369 6.5639467239379909 49.622009769082069 88.767414435744286 153.26324899494648 15.22196704149246 227.1168600320816 162.63572660088539 66.314819872379303 25.052351877093315 11.23204956948757 47.869081288576126 17.948412254452705 47.25727105140686 3.5076314359903336
leaf_count=42 82 23 132 239 454 59 759 697 256 75 31 128 55 117 19
internal_value=0.00852361 -0.000623178 0.0185926 0.0144646 0.00962538 0.00520216 0.00361385 -0.00694071 -0.00565259 0.0220194 0.0268312 0.0259889 0.0186845 0.0311774 -0.0339545
internal_weight=954.21 500.003 454.208 291.511 177.691 260.135 242.339 239.868 228.951 113.82 17.796 162.697 67.5704 95.1264 10.9173
internal_count=3168 1886 1282 850 536 872 818 1014 953 314 54 432 187 245 61
is_linear=0
shrinkage=0.03


Tree=27
num_leaves=16
num_cat=0
split_feature=12 12 4 12 3 36 28 38 5 30 36 12 34 6 20
split_gain=92.122 19.4074 14.6723 11.2416 9.50859 8.88295 8.85005 10.7341 10.342 8.51944 8.3145 6.69796 7.45228 1.54664 0.528229
threshold=22.650000000000002 17.950000000000003 5.6633333333333349 25.900000000000002 1.5000000000000002 32.041666666666679 20.20203555147398 0.21408471506416984 2.2111111111111117 22.577753049840108 40.139423076923087 29.850000000000005 17.653581337975815 11.068501170960189 28.550000000000004
decision_type=2 2 2 2 2 2 2 2 2 2 2 2 2 2 2
left_child=1 5 3 4 -2 14 8 -8 -3 -7 -5 12 -4 -13 -1
right_child=2 6 11 10 -6 9 7 -9 -10 -11 -12 13 -14 -15 -16
leaf_value=-0.026586029386022655 -0.00805154946198877 -0.021671970373784589 0.013506747766593377 0.025742423873527105 0.012105517468058401 -0.024032711468949725 0.038052231285795393 -0.00056832259984699934 0.0038805865072515499 -0.0041516189965871662 0.0061592964976349531 0.027803869990045225 0.028124719307169602 0.042427540886517491 -0.040716763783673726
leaf_weight=3.8145462572574598 24.41723108291626 15.06152108311653 51.79803141951561 88.452654123306274 153.28746059536934 22.081091538071632 14.453678101301195 11.736144602298735 266.33300822973251 159.68915241956711 25.035339176654816 9.3866221308708209 79.655794903635979 21.232677787542343 6.3346974551677704
leaf_count=19 82 60 147 239 454 106 40 40 913 675 75 25 208 52 33
internal_value=0.00828052 -0.000605679 0.0180732 0.0140464 0.00933587 -0.00809183 0.00406536 0.0207456 0.0025129 -0.00656673 0.0214224 0.025308 0.0223647 0.0379445 -0.0354058
internal_weight=952.77 499.504 453.266 291.193 177.705 191.919 307.584 26.1898 281.395 181.77 113.488 162.073 131.454 30.6193 10.1492
internal_count=3168 1886 1282 850 536 833 1053 80 973 781 314 432 355 77 52
is_linear=0
shrinkage=0.03


Tree=28
num_leaves=14
num_cat=0
split_feature=12 12 10 12 28 36 7 32 9 38 27 33 13
split_gain=87.2406 19.91 14.9492 12.7695 12.539 9.05453 11.7017 11.6277 7.79861 5.86582 4.13804 4.11318 2.59288
threshold=21.150000000000002 27.650000000000002 70.500000000000014 14.950000000000001 16.227426269273263 40.679487179487182 1.9534930677076328 21.637823915036293 30.757142857142863 0.20341060152874713 19.635189513521873 19.333911026324159 9.5500000000000025
decision_type=2 2 2 2 2 2 2 2 2 2 2 2 2
left_child=3 2 9 11 -4 6 -5 -7 -3 -2 -10 -1 -13
right_child=1 8 4 5 -6 7 -8 -9 10 -11 -12 12 -14
leaf_value=-0.0025056247907817315 0.0054352609081048412 -0.018230746414591281 0.002623747900249654 -0.020173349756842623 0.01610105149750676 -0.020896815191994149 0.0024295419996595278 0.0082498944462042582 0.019659319809703462 -0.031970444239070771 0.030473134446880077 -0.039240611355260177 -0.018129431721334955
leaf_weight=7.0916336625814465 6.4413748383522025 3.5906229317188254 76.943132877349854 22.215357914566994 322.71584096550941 40.738556861877441 285.96928273141384 17.657770425081253 49.95121705532074 9.1083514839410764 87.874640882015228 10.728805169463159 10.227212131023405
leaf_count=32 25 15 240 95 934 173 1070 62 137 43 229 60 53
internal_value=0.00804508 0.0156948 0.0123835 -0.00274487 0.0135064 -0.00125215 0.000800222 -0.0120835 0.0254169 -0.0164754 0.026554 -0.0222545 -0.0289377
internal_weight=951.254 556.625 415.209 394.629 399.659 366.581 308.185 58.3963 141.416 15.5497 137.826 28.0477 20.956
internal_count=3168 1623 1242 1545 1174 1400 1165 235 381 68 366 145 113
is_linear=0
shrinkage=0.03


Tree=29
num_leaves=16
num_cat=0
split_feature=12 12 4 0 28 14 36 28 38 32 30 12 34 6 20
split_gain=82.6304 17.6159 13.8648 10.5936 15.2354 12.9047 8.60649 8.25622 10.003 9.83766 8.19701 6.43895 6.9696 1.51972 0.527061
threshold=22.650000000000002 17.950000000000003 5.6633333333333349 1.0000000180025095e-35 18.14372230428361 25.050000000000004 32.041666666666679 20.20203555147398 0.21408471506416984 23.379600763271821 22.577753049840108 29.850000000000005 17.653581337975815 11.068501170960189 28.550000000000004
decision_type=2 2 2 2 2 2 2 2 2 2 2 2 2 2 2
left_child=1 6 3 5 -5 -2 14 9 -9 -3 -8 12 -4 -13 -1
right_child=2 7 11 4 -6 -7 10 8 -10 -11 -12 13 -14 -15 -16
leaf_value=-0.026045182640267173 -0.010848863818290855 0.004246432079659114 0.012734878568611368 0.0117876162112408 0.031731714830776012 0.011853781988263489 -0.023518097936221262 0.036560852420340378 -0.00067131095704089699 -0.01413754752940799 -0.0039024727739501311 0.02659052550841131 0.026902979069913104 0.04121512972868057 -0.040285808367375456
leaf_weight=3.7552959918975812 28.406835839152336 252.38999004662037 51.628262758255005 100.34710796177387 52.511119276285172 108.99611186981201 21.801564961671829 14.532423585653307 11.741474986076353 29.231332913041115 159.03426577150822 9.2367241233587283 79.161203801631927 20.785982206463814 6.2024173736572266
leaf_count=19 94 865 147 297 136 323 106 40 40 108 675 25 208 52 33
internal_value=0.00781597 -0.000599776 0.0171201 0.0132052 0.018639 0.00716021 -0.0077625 0.00383875 0.0199223 0.00233824 -0.00626733 0.0241863 0.0213102 0.0367158 -0.0349153
internal_weight=949.762 498.689 451.073 290.261 152.858 137.403 190.794 307.895 26.2739 281.621 180.836 160.812 130.789 30.0227 9.95771
internal_count=3168 1886 1282 850 433 417 833 1053 80 973 781 432 355 77 52
is_linear=0
shrinkage=0.03


Tree=30
num_leaves=14
num_cat=0
split_feature=12 12 10 12 28 36 7 32 9 38 9 33 13
split_gain=78.0204 18.5286 13.9566 11.964 11.6238 8.61366 12.0296 10.8004 7.35953 5.59108 4.10362 4.06193 2.57962
threshold=21.150000000000002 27.650000000000002 70.500000000000014 14.950000000000001 16.227426269273263 41.154761904761905 1.9534930677076328 21.637823915036293 30.757142857142863 0.20341060152874713 97.633333333333354 19.333911026324159 9.5500000000000025
decision_type=2 2 2 2 2 2 2 2 2 2 2 2 2
left_child=3 2 9 11 -4 6 -5 -7 -3 -2 -10 -1 -13
right_child=1 8 4 5 -6 7 -8 -9 10 -11 -12 12 -14
leaf_value=-0.0019936804536098093 0.0050086775753914051 -0.018136638547956482 0.0022658772918073356 -0.020377014628033711 0.015244337597830587 -0.022251424319515031 0.0023095472942315262 0.0069656779415085126 0.022818893226447541 -0.03152871857186243 0.035890118316399183 -0.03883851594364128 -0.017576828218701036
leaf_weight=7.0321316272020367 6.4716756343841544 3.585803195834159 76.92892137169838 22.668983027338982 322.36207045614719 34.369693472981453 291.94459959864616 17.0287876278162 109.30084392428398 9.0268682539463025 26.944864928722382 10.469466716051103 10.080809146165846
leaf_count=32 25 15 240 98 934 149 1093 60 297 43 69 60 53
internal_value=0.00759406 0.0148434 0.0116597 -0.0026211 0.0127439 -0.00118527 0.000674903 -0.0125715 0.0242874 -0.0162719 0.0254039 -0.0216742 -0.0284087
internal_weight=948.216 554.621 414.79 393.594 399.291 366.012 314.614 51.3985 139.832 15.4985 136.246 27.5824 20.5503
internal_count=3168 1623 1242 1545 1174 1400 1191 209 381 68 366 145 113
is_linear=0
shrinkage=0.03


Tree=31
num_leaves=16
num_cat=0
split_feature=12 12 12 0 28 8 6 36 7 30 32 4 29 7 28
split_gain=74.1491 16.0862 13.2571 10.64 10.1247 9.47881 9.43638 8.76435 11.6504 8.52392 6.89384 5.25072 4.53384 2.98162 1.44743
threshold=22.650000000000002 18.750000000000004 29.850000000000005 1.0000000180025095e-35 18.14372230428361 0.69782608695652182 5.4712874453644158 32.348484848484858 7.4303484706483784 19.526927210141888 20.537321940595653 5.4733333333333336 22.362521341728655 4.4925249169435224 17.437445778323937
decision_type=2 2 2 2 2 2 2 2 2 2 2 2 2 2 2
left_child=1 7 3 5 -5 -2 10 13 -9 -8 -3 12 -4 -1 -13
right_child=2 6 11 4 -6 -7 9 8 -10 -11 -12 14 -14 -15 -16
leaf_value=-0.015924981400004222 -0.032120764464235001 0.0010585554296169153 0.011901173506873416 0.014212511487790725 0.028539559380928614 0.010110876418004195 0.017821953545564536 -0.0075923142554910105 0.011743620219868403 0.00086884366855413816 0.039723616675634822 0.03038503146528564 0.039083670172914524 -0.042137922918345942 0.042736417299960749
leaf_weight=8.5641038566827756 4.9127487540245047 6.5450336337089565 20.059766024351124 134.09723100066185 66.361558616161346 181.42090250551701 30.526865094900131 188.27086658775806 32.953776061534882 212.4846256673336 11.342242732644079 16.066703841090202 7.6202874183654776 7.1792346835136405 18.225418359041214
leaf_count=41 18 23 61 386 174 535 91 814 123 727 31 43 19 36 46
internal_value=0.00737857 -0.000592867 0.0162222 0.0141583 0.0189555 0.00899743 0.00454639 -0.00625112 -0.00471202 0.00299848 0.0255759 0.029104 0.0193845 -0.0278785 0.0369495
internal_weight=946.631 497.867 448.765 386.792 200.459 186.334 260.899 236.968 221.225 243.011 17.8873 61.9722 27.6801 15.7433 34.2921
internal_count=3168 1886 1282 1113 560 553 872 1014 937 818 54 169 80 77 89
is_linear=0
shrinkage=0.03


Tree=32
num_leaves=16
num_cat=0
split_feature=12 10 27 12 34 18 8 12 17 29 9 11 29 29 22
split_gain=70.0374 15.8811 15.2517 13.9213 16.0654 10.9519 10.1678 11.696 11.2763 9.68626 9.68466 8.71238 8.39138 7.25435 5.7392
threshold=22.200000000000006 92.500000000000014 21.222864019253915 15.750000000000002 19.104420124316274 23.750000000000004 1.6699867197875167 18.650000000000002 20.850000000000005 22.119209039548029 67.90000000000002 24.900000000000002 27.621380016380019 22.941879538367488 19.750000000000004
decision_type=2 2 2 2 2 2 2 2 2 2 2 2 2 2 2
left_child=3 9 5 4 11 -3 7 -5 -8 10 -2 -1 -11 -6 -4
right_child=1 2 14 6 13 -7 8 -9 -10 12 -12 -13 -14 -15 -16
leaf_value=-0.026371722449156434 -0.015254918833766744 0.010250789072758474 0.018855983146062662 -0.0084175134230402623 -0.013254708311122363 0.02672603087749174 0.01488972046208838 0.0032229719955694743 -0.029246128614416118 0.035998013231522109 0.0070139854208544766 0.011459291346692531 -0.0023525676602663814 0.029274581503000427 0.031193100294741913
leaf_weight=45.22209832072258 25.095231279730797 186.05611182749271 58.369672760367393 124.81040798127651 5.806374564766883 45.119995594024658 65.102229952812195 205.7459471821785 5.6630416214466086 14.595419451594354 58.663637414574623 6.2340418547391883 7.9219720661640158 9.5410059690475446 81.072367608547211
leaf_count=227 100 541 163 539 27 120 223 695 23 38 176 27 25 33 211
internal_value=0.00716967 0.0152613 0.0181929 -0.00107353 -0.0137538 0.0134664 0.0010372 -0.00117221 0.0113577 0.0050379 0.000341936 -0.0217884 0.0225057 0.0131845 0.0260289
internal_weight=945.02 476.894 370.618 468.125 66.8035 231.176 401.322 330.556 70.7653 106.276 83.7589 51.4561 22.5174 15.3474 139.442
internal_count=3168 1374 1035 1794 314 661 1480 1234 246 339 276 254 63 60 374
is_linear=0
shrinkage=0.03


Tree=33
num_leaves=16
num_cat=0
split_feature=12 12 12 0 28 8 30 5 18 14 33 38 4 29 28
split_gain=66.2399 14.3681 12.6903 10.1266 9.48538 8.94815 8.17275 8.28997 8.07365 10.6715 8.11683 7.22524 5.0414 4.25592 1.4616
threshold=22.650000000000002 17.950000000000003 29.850000000000005 1.0000000180025095e-35 18.14372230428361 0.69782608695652182 22.577753049840108 4.1000000000000005 20.350000000000005 24.250000000000004 20.83650736702074 0.21543332780266577 5.4733333333333336 22.362521341728655 17.437445778323937
decision_type=2 2 2 2 2 2 2 2 2 2 2 2 2 2 2
left_child=1 6 3 5 -5 -2 11 -8 10 -10 -3 -1 13 -4 -14
right_child=2 8 12 4 -6 -7 7 -9 9 -11 -12 -13 14 -15 -16
leaf_value=-0.0064192876558764331 -0.031663861682577343 -0.0022252430107116764 0.011289172565023806 0.013444437906059818 0.027351687172729722 0.0093902061764515304 0.00024842060761302289 -0.013755281737066048 -0.0013778378148666976 -0.043678423118018186 0.0086240795899011208 -0.040100566333188994 0.029222721904719289 0.03783827439695725 0.041771970321887439
leaf_weight=11.065315172076227 4.9077513962984076 93.215396881103516 19.923626840114597 133.63789309561253 65.905724808573723 180.99602004885674 106.23409943282604 59.274198845028877 22.392096221446995 7.0598575472831717 185.69544525444508 11.893129348754881 15.751466438174246 7.4722932726144782 17.783200651407242
leaf_count=51 18 330 61 386 174 535 452 266 77 33 613 64 43 19 46
internal_value=0.00696795 -0.000567772 0.0153554 0.0133443 0.0180378 0.0083064 -0.00709353 -0.00476679 0.00342068 -0.0115176 0.0049981 -0.0238672 0.0280779 0.0185305 0.0358775
internal_weight=943.208 496.83 446.378 385.447 199.544 185.904 188.467 165.508 308.363 29.452 278.911 22.9584 60.9306 27.3959 33.5347
internal_count=3168 1886 1282 1113 560 553 833 718 1053 110 943 115 169 80 89
is_linear=0
shrinkage=0.03


Tree=34
num_leaves=15
num_cat=0
split_feature=12 12 10 12 28 13 36 38 9 29 7 33 27 13
split_gain=62.6006 16.3585 12.4896 10.623 10.5463 8.36426 7.91629 5.35425 4.68131 5.88887 4.19563 4.06728 3.45813 2.62707
threshold=21.150000000000002 27.650000000000002 70.500000000000014 14.950000000000001 16.227426269273263 11.050000000000002 41.154761904761905 0.20341060152874713 97.633333333333354 22.705676509322796 4.9401004304160709 19.333911026324159 19.533426994069288 9.5500000000000025
decision_type=2 2 2 2 2 2 2 2 2 2 2 2 2 2
left_child=3 2 7 11 -4 6 -5 -2 9 -3 -7 -1 -10 -13
right_child=1 8 4 5 -6 10 -8 -9 12 -11 -12 13 -14 -15
leaf_value=-0.00078004415109406166 0.0045912739279071468 0.015347934121384691 0.0013642885584896015 0.0015284539877928414 0.013737490877570832 -0.043247701623684666 -0.0113809788777589 -0.031190385644975661 0.01750689094558288 0.030858941222450111 -0.0043173500990239411 -0.038276148038437541 0.041132478212735343 -0.016456999588173996
leaf_weight=6.8886209279298809 6.4944752007722846 80.238158762454987 76.821812376379967 304.56252048909664 321.28864040970802 6.2064147740602476 49.732252523303032 8.951289549469946 8.1054815500974673 30.365773588418961 4.1625282764434814 10.084746494889261 17.867145210504532 9.7851895540952665
leaf_count=32 25 232 240 1150 934 30 203 43 23 80 17 60 46 53
internal_value=0.00677094 0.0132959 0.010323 -0.00239968 0.0113499 -0.00106091 -0.000283639 -0.0161453 0.0222979 0.0196064 -0.0276194 -0.0206444 0.0337595 -0.027531
internal_weight=941.555 550.133 413.556 391.422 398.11 364.664 354.295 15.4458 136.577 110.604 10.3689 26.7586 25.9726 19.8699
internal_count=3168 1623 1242 1545 1174 1400 1353 68 381 312 47 145 69 113
is_linear=0
shrinkage=0.03


Tree=35
num_leaves=15
num_cat=0
split_feature=12 14 33 4 28 23 38 12 11 6 36 34 22 14
split_gain=59.466 13.1628 15.622 12.4764 9.64692 16.2883 12.6364 9.42032 9.32111 9.29375 8.05737 5.80358 9.36108 4.59385
threshold=22.650000000000002 19.300000000000001 26.370084387405608 5.6633333333333349 15.603974969037223 23.415638932168445 0.20471727718817759 25.900000000000002 23.550000000000004 9.2869852567361502 40.139423076923087 17.653581337975815 23.200000000000003 29.950000000000003
decision_type=2 2 2 2 2 2 2 2 2 2 2 2 2 2
left_child=1 2 8 7 5 -3 -6 9 -1 -2 -9 12 -5 -13
right_child=3 4 -4 11 6 -7 -8 10 -10 -11 -12 13 -14 -15
leaf_value=-0.024721338307705561 0.012964307150893849 -0.026689552326593851 0.024268110079732581 0.021466401467394106 0.010342090140600632 0.01470098135855402 -0.0010746024923198618 0.022062271754745632 -7.7182743030350864e-05 -0.0008190622424470446 0.0025598124336490284 0.022263917845034436 -0.0040659099352557499 0.037609204831393364
leaf_weight=45.864570781588554 94.637022718787193 25.552789255976677 9.2888005524873716 47.63267008960247 134.58906120061874 12.865057095885275 248.09248442947865 85.714864864945412 19.765488982200623 82.328531369566917 24.519953653216362 67.643060505390167 17.735834807157516 23.712779551744461
leaf_count=227 275 108 31 132 476 43 913 239 88 261 75 184 55 61
internal_value=0.00657917 -0.000559394 -0.0121456 0.0145554 0.00150194 -0.012829 0.00294065 0.0108402 -0.0172994 0.00655196 0.0177243 0.0213637 0.014539 0.026247
internal_weight=939.943 496.018 74.9189 443.925 421.099 38.4178 382.682 287.2 65.6301 176.966 110.235 156.724 65.3685 91.3558
internal_count=3168 1886 346 1282 1540 151 1389 850 315 536 314 432 187 245
is_linear=0
shrinkage=0.03


Tree=36
num_leaves=16
num_cat=0
split_feature=12 12 4 36 36 0 12 14 5 35 33 34 22 36 7
split_gain=56.1762 12.7173 11.9059 10.0167 9.39829 9.32629 14.6268 11.7056 8.10296 13.5093 8.70354 5.54492 8.87385 4.47803 0.00312405
threshold=22.650000000000002 17.750000000000004 5.6633333333333349 32.041666666666679 38.148351648351657 1.0000000180025095e-35 23.850000000000005 25.050000000000004 2.2111111111111117 9.5000000000000018 14.443327443125746 17.653581337975815 23.200000000000003 34.449494949494955 3.8401629869379268
decision_type=2 2 2 2 2 2 2 2 2 2 2 2 2 2 2
left_child=1 3 5 14 -5 7 -7 -2 9 -3 -10 12 -4 -13 -1
right_child=2 8 11 4 -6 6 -8 -9 10 -11 -12 13 -14 -15 -16
leaf_value=-0.038699404313448815 -0.012305696803535588 0.023388804203595705 0.02092957034907187 0.00080657636604881239 -0.013672843467063364 -0.00043127064941649615 0.021104558982315731 0.009354706139531814 0.023819648148435381 -0.033710082637228439 0.0028122194632033766 0.0055588638851477631 -0.0039418973702636554 0.027837827943780941 -0.039865710648170724
leaf_weight=4.4871243536472303 28.36240841448307 5.3123565763235119 47.3924600481987 92.709702983498573 71.429118975996971 37.946522936224937 112.63102589547634 107.79624943435192 18.922145128250122 12.513958305120466 286.48251377046108 9.0149800032377225 17.744852736592293 81.760166645050049 3.8323133140802383
leaf_count=26 94 17 132 398 327 119 314 323 61 53 983 27 55 218 21
internal_value=0.00639282 -0.000543718 0.0141605 -0.00712224 -0.00549451 0.0105325 0.0156774 0.00484276 0.00296622 -0.0166942 0.00411379 0.0208328 0.014154 0.0256253 -0.0392367
internal_weight=938.338 495.689 442.649 172.458 164.139 286.736 150.578 136.159 323.231 17.8263 305.405 155.912 65.1373 90.7751 8.31944
internal_count=3168 1886 1282 772 725 850 433 417 1114 70 1044 432 187 245 47
is_linear=0
shrinkage=0.03


Tree=37
num_leaves=15
num_cat=0
split_feature=12 12 10 12 28 33 7 13 38 9 29 27 38 3
split_gain=53.2593 14.6401 11.3704 9.71831 9.69849 8.78617 10.071 9.25454 5.17051 4.60508 5.64907 3.42225 0.727804 0.000811914
threshold=21.150000000000002 27.650000000000002 70.500000000000014 12.450000000000001 16.227426269273263 22.696111423890883 7.4303484706483784 9.5500000000000025 0.20341060152874713 97.633333333333354 22.705676509322796 19.533426994069288 0.22859982959386538 4.5000000000000009
decision_type=2 2 2 2 2 2 2 2 2 2 2 2 2 2
left_child=3 2 8 12 -4 6 -5 -7 -2 10 -3 -11 13 -1
right_child=1 9 4 5 -6 7 -8 -9 -10 11 -12 -13 -14 -15
leaf_value=-0.03774961457677406 0.0044583313116859907 0.013999292858482559 0.00085683571691898719 -0.0064966675641038932 0.012731466901090368 0.0091518446445004922 0.010159655654064648 -0.02064934440886863 -0.030748345200189989 0.016134948559680642 0.029335508278387115 0.039891559120621811 -0.019868873074992213 -0.037084141738477544
leaf_weight=3.5596705675125104 6.5074963420629492 79.180892765522003 76.736703336238861 241.36759983003139 320.21217273175716 90.801023736596107 37.784895718097687 10.458661019802092 8.8735601156949979 7.971227332949641 29.733648970723152 17.305084943771362 3.1181453615427017 3.0757412016391754
leaf_count=22 25 232 240 986 934 319 137 42 43 23 80 46 19 20
internal_value=0.0062121 0.0122564 0.00945526 -0.00225433 0.0104359 -0.0014962 -0.00424214 0.00607381 -0.0158529 0.0208633 0.0181861 0.0323996 -0.0318234 -0.0374411
internal_weight=936.687 546.521 412.33 390.166 396.949 380.412 279.152 101.26 15.3811 134.191 108.915 25.2763 9.75356 6.63541
internal_count=3168 1623 1242 1545 1174 1484 1123 361 68 381 312 69 61 42
is_linear=0
shrinkage=0.03


Tree=38
num_leaves=16
num_cat=0
split_feature=12 12 34 12 6 10 8 18 22 8 7 29 4 29 6
split_gain=50.4494 11.9643 14.775 11.3501 10.0514 13.2986 12.263 9.16701 13.0072 9.44192 8.81222 6.43913 4.90471 2.71339 1.48754
threshold=22.650000000000002 15.750000000000002 19.104420124316274 29.850000000000005 9.7781821758803869 92.500000000000014 1.6916358059327425 20.350000000000005 16.650000000000002 1.6699867197875167 4.1468365061590156 22.941879538367488 5.4733333333333336 22.22784129119032 11.068501170960189
decision_type=2 2 2 2 2 2 2 2 2 2 2 2 2 2 2
left_child=1 2 10 4 6 -6 -2 9 -9 -3 -1 -4 13 -5 -14
right_child=3 7 11 12 5 -7 -8 8 -10 -11 -12 -13 14 -15 -16
leaf_value=-0.034673610780277662 0.017826460148607212 0.00060509819477393438 -0.01208207090489736 0.01037135948259984 -0.010558335202971048 0.010351023607441473 -0.0093682712473469858 -0.027289040397799943 0.0059654663252662133 0.013050808629891945 -0.0092263516401337609 0.028249764222219816 0.023831036833225482 0.031756655336062076 0.037972729091956814
leaf_weight=21.946988433599472 200.09276396036148 321.27890127897263 5.6662541329860678 19.374093368649486 34.627072989940643 130.7283321171999 16.126171186566353 22.923655927181244 19.668464973568916 66.158010646700859 27.712142780423164 9.5963705331087095 9.5904848724603671 7.3714684247970572 22.167976722121239
leaf_count=121 560 1177 27 60 121 379 53 98 72 225 133 33 28 20 61
internal_value=0.00603656 -0.000534276 -0.0125386 0.0134267 0.0115402 0.0059724 0.0157982 0.00127802 -0.0119326 0.0027303 -0.0204728 0.0132766 0.0257309 0.0162655 0.0337022
internal_weight=935.029 494.951 64.9218 440.078 381.574 165.355 216.219 430.029 42.5921 387.437 49.6591 15.2626 58.504 26.7456 31.7585
internal_count=3168 1886 314 1282 1113 500 613 1572 170 1402 254 60 169 80 89
is_linear=0
shrinkage=0.03


Tree=39
num_leaves=15
num_cat=0
split_feature=12 18 27 27 6 12 33 8 10 9 10 4 27 7
split_gain=47.9842 13.6924 13.1943 15.0981 11.6719 9.14902 8.22281 9.23987 8.82598 4.32047 5.17763 0.742725 0.590904 0.000505342
threshold=21.150000000000002 23.750000000000004 21.411180165731089 21.990402588066143 9.7876774048209096 12.450000000000001 22.696111423890883 1.9766653099986435 95.500000000000014 98.450000000000017 97.500000000000014 5.0633333333333344 21.366515342070816 5.6360294117647074
decision_type=2 2 2 2 2 2 2 2 2 2 2 2 2 2
left_child=5 2 4 -4 -2 11 7 -7 -8 10 -3 13 -11 -1
right_child=1 9 3 -5 -6 6 8 -9 -10 12 -12 -13 -14 -15
leaf_value=-0.036821157100296972 0.010719751670954064 0.027371636473260994 0.033149200238441506 0.0098735322458072764 -0.00085055828334664103 -0.0057025291003732189 0.015159039831038192 0.014653290209986654 -0.002564465396553325 0.030202400363993541 0.012157419810329213 -0.019079139836065722 0.041219239040629199 -0.037353254260955017
leaf_weight=3.2995486855506879 212.46051046252251 35.567317619919777 39.909212082624435 67.510450690984726 124.42149719595909 256.74230252206326 48.231890216469765 21.77108159661293 53.157474800944328 9.8918935209512728 46.386681571602821 3.0373325347900391 7.866125375032424 3.1303872168064117
leaf_count=22 637 97 105 200 399 1044 164 79 197 27 136 19 22 20
internal_value=0.00586585 0.0116205 0.00936576 0.0185211 0.00644646 -0.0021743 -0.00144835 -0.00411134 0.00586678 0.0216671 0.0187603 -0.031305 0.0350824 -0.0370802
internal_weight=933.384 544.014 444.302 107.42 336.882 389.37 379.903 278.513 101.389 99.712 81.954 9.46727 17.758 6.42994
internal_count=3168 1623 1341 305 1036 1545 1484 1123 361 282 233 61 49 42
is_linear=0
shrinkage=0.03


Tree=40
num_leaves=15
num_cat=0
split_feature=12 10 27 14 33 18 6 25 12 38 38 30 36 22
split_gain=45.4852 13.3852 13.1837 10.5298 14.4928 9.30358 9.08269 12.0281 10.2971 8.74663 14.0244 10.6893 6.71907 5.49312
threshold=22.200000000000006 92.500000000000014 21.222864019253915 18.850000000000005 26.451837133680645 23.750000000000004 9.3051724137931071 20.620105025304248 33.050000000000004 0.18651821695863149 0.18540179638673543 19.526927210141888 35.738636363636367 19.750000000000004
decision_type=2 2 2 2 2 2 2 2 2 2 2 2 2 2
left_child=3 6 5 4 12 -3 7 -2 -8 10 -5 -11 -1 -4
right_child=1 2 13 9 -6 -7 8 -9 -10 11 -12 -13 -14 -15
leaf_value=0.00076329653433682913 0.0014600355593149582 0.0076990372566504827 0.015387294170172724 0.0063887777804588876 0.027714231771036827 0.023145662302207489 -0.0095790810553080252 0.032696070792304452 0.033368584649486881 0.014520456845458662 0.053085799310943656 -0.0028407870322252581 -0.022764342920151233 0.02766620182518497
leaf_weight=14.489027634263037 31.809203043580055 183.99209390580654 56.650477200746536 55.136781707406044 7.3454772233963004 43.364432588219643 50.715603023767471 17.037699565291405 5.5768250674009314 35.697346329689026 6.4671979248523703 301.44671569764614 44.402883261442184 77.851672694087029
leaf_count=69 103 541 163 202 24 120 176 45 15 114 18 1146 221 211
internal_value=0.00569861 0.0123118 0.0150496 -0.000943255 -0.0120199 0.0106452 0.00288941 0.0123551 -0.00532431 0.000896729 0.011291 -0.00100255 -0.0169759 0.0224945
internal_weight=931.983 466.998 361.859 464.985 66.2374 227.357 105.139 48.8469 56.2924 398.748 61.604 337.144 58.8919 134.502
internal_count=3168 1374 1035 1794 314 661 339 148 191 1480 220 1260 290 374
is_linear=0
shrinkage=0.03


Tree=41
num_leaves=14
num_cat=0
split_feature=12 12 0 6 5 12 34 9 36 11 31 38 3
split_gain=42.9661 12.9739 12.3978 11.4068 11.0605 8.67 7.83451 12.0387 8.98836 6.87092 2.81515 0.754608 0.000591503
threshold=21.150000000000002 28.350000000000005 1.0000000180025095e-35 9.7876774048209096 1.9150326797385624 12.450000000000001 20.498365413922297 92.77500000000002 43.348484848484858 18.366666666666667 16.166960427997768 0.22859982959386538 4.5000000000000009
decision_type=2 2 2 2 2 2 2 2 2 2 2 2 2
left_child=5 2 4 -4 -2 11 8 -8 -7 -3 -11 12 -1
right_child=1 9 3 -5 -6 6 7 -9 -10 10 -12 -13 -14
leaf_value=-0.037028660155323773 -0.033980480750546209 -0.0010343592423294808 0.018828812899379786 0.0052186732085369352 0.0049877204702883362 -0.0012317766830638689 0.024422430838867547 -0.027377933043433212 -0.019953326748647516 0.036941251185775924 0.02196704170559341 -0.018376114754142601 -0.036443036772509929
leaf_weight=3.3507211059331876 6.766274392604827 10.697593465447424 147.2336009144783 88.876715809106827 210.32872301340103 328.42992176115513 21.070871859788898 4.9951440393924704 24.824716210365295 13.719984263181685 64.045916303992271 2.9646700769662857 2.8920000493526459
leaf_count=22 29 36 420 273 642 1288 67 20 109 37 186 19 20
internal_value=0.00553847 0.0109991 0.0089478 0.0137057 0.00377319 -0.00207447 -0.00137626 0.0144957 -0.00254742 0.0215079 0.0246089 -0.0308388 -0.0367574
internal_weight=930.197 541.669 453.205 236.11 217.095 388.528 379.321 26.066 353.255 88.4635 77.7659 9.20739 6.24272
internal_count=3168 1623 1364 693 671 1545 1484 87 1397 259 223 61 42
is_linear=0
shrinkage=0.03


Tree=42
num_leaves=16
num_cat=0
split_feature=12 12 4 11 10 6 5 36 7 30 32 34 20 14 7
split_gain=40.9268 10.4584 10.4131 9.18213 15.3859 8.8105 8.50404 8.28184 9.94886 8.14388 6.06862 5.49059 8.13377 4.55998 3.06678
threshold=22.650000000000002 18.750000000000004 5.6633333333333349 22.450000000000003 92.500000000000014 5.4712874453644158 6.366666666666668 32.348484848484858 7.4303484706483784 19.388743695638201 20.537321940595653 17.653581337975815 37.95000000000001 29.950000000000003 4.4925249169435224
decision_type=2 2 2 2 2 2 2 2 2 2 2 2 2 2 2
left_child=1 7 3 4 -2 10 -5 14 -9 -7 -3 12 -4 -13 -1
right_child=2 5 11 6 -6 9 -8 8 -10 -11 -12 13 -14 -15 -16
leaf_value=-0.014257376946671398 0.0026111334838624448 0.00078643509215699323 0.018007624910056055 0.0066565006656111349 0.021452588566596435 0.017035561855268416 -0.01253971268515538 -0.0063917321697841301 0.011521153405537667 7.2810156345437182e-05 0.037023248453679138 0.019290488031485448 -0.0065976170945386357 0.034951057041007594 -0.041406292041341199
leaf_weight=8.1982013955712301 67.808929592370987 6.535621419548991 47.209874451160431 97.393399000167847 91.8316470682621 28.900844752788544 26.400071427226067 183.94384877383709 32.895593836903572 214.77200736105442 11.440245166420935 65.731051802635193 16.254632636904716 22.44849956035614 6.8934833854436866
leaf_count=41 223 23 136 288 252 86 87 814 123 732 31 184 51 61 36
internal_value=0.00538136 -0.000531562 0.0120894 0.00869456 0.0134495 0.00357989 0.00256274 -0.00516982 -0.00367426 0.00208468 0.0238484 0.0184345 0.0117057 0.0232773 -0.0266583
internal_weight=928.658 493.58 435.078 283.434 159.641 261.649 123.793 231.931 216.839 243.673 17.9759 151.644 63.4645 88.1796 15.0917
internal_count=3168 1886 1282 850 475 872 375 1014 937 818 54 432 187 245 77
is_linear=0
shrinkage=0.03


Tree=43
num_leaves=15
num_cat=0
split_feature=12 26 4 19 12 34 7 8 17 32 30 0 6 29
split_gain=38.6966 12.2984 12.9335 12.0962 9.55297 13.6827 8.641 8.47083 10.7912 9.97666 8.16676 9.10292 6.25971 5.81069
threshold=22.200000000000006 20.682950042549198 5.2900000000000018 21.250000000000004 15.750000000000002 19.104420124316274 4.1468365061590156 1.6699867197875167 20.850000000000005 25.112151670238465 14.655664604224453 1.0000000180025095e-35 8.4794714401235041 22.941879538367488
decision_type=2 2 2 2 2 2 2 2 2 2 2 2 2 2
left_child=4 2 3 -2 5 6 -1 9 -9 -6 -3 -12 -4 -7
right_child=1 10 12 -5 7 13 -8 8 -10 -11 11 -13 -14 -15
leaf_value=-0.033900118464196979 0.026572470427487331 0.038916396807841376 0.025153342844898671 -0.0023245974914716241 -9.0879344039101551e-05 -0.011295736931212439 -0.0083271910971447205 0.01362429875674114 -0.029633627707130496 -0.025578444342478232 0.008303886568885142 0.022004484127606604 0.010185991835624604 0.027180479418720507
leaf_weight=21.140534460544586 14.59693770110607 14.451072201132773 33.162113338708878 122.00701576471329 314.56033961474895 5.5715063512325278 27.181734502315521 65.579063057899475 5.636212930083274 14.457259967923163 83.670623615384102 91.240849003195763 104.06463995575905 9.6526139378547651
leaf_count=121 39 37 89 394 1176 27 133 223 23 58 253 256 306 33
internal_value=0.00522967 0.011363 0.00729794 0.000763225 -0.000895943 -0.0117015 -0.0195151 0.000819688 0.0102007 -0.00121082 0.0172414 0.0154507 0.013803 0.0130995
internal_weight=926.973 463.193 273.831 136.604 463.779 63.5464 48.3223 400.233 71.2153 329.018 189.363 174.911 137.227 15.2241
internal_count=3168 1374 828 433 1794 314 254 1480 246 1234 546 509 395 60
is_linear=0
shrinkage=0.03


end of trees

feature_importances:
starter_k_percent_season=144
starter_max_pitches_30d=36
opp_team_hits_per_pa_14d=33
opp_team_put_away_vs_primary_pitch=30
opp_team_whiff_vs_starter_arsenal=28
starter_avg_ip_30d=26
starter_era_30d=25
opp_team_whiff_vs_primary_pitch=23
opp_team_whiff_vs_secondary_pitch=23
opp_team_pa_per_game_14d=23
starter_k_per_9_30d=22
starter_avg_pitches_30d=19
starter_whip_30d=18
starter_avg_batters_faced_30d=16
starter_primary_pitch_whiff_percent=15
is_home=14
opp_team_put_away_vs_starter_arsenal=14
opp_team_k_vs_starter_arsenal=12
starter_avg_so_30d=11
starter_secondary_pitch_put_away=11
opp_team_k_vs_secondary_pitch=11
starter_whiff_percent_season=10
starter_primary_pitch_k_percent=10
starter_bb_percent_season=8
starter_primary_pitch_put_away=8
starter_starts_30d=5
starter_secondary_pitch_whiff_percent=5
starter_arsenal_whiff_percent=5
opp_team_k_vs_primary_pitch=5
opp_team_games_14d=4
starter_secondary_pitch_usage=3
starter_arsenal_k_percent=1
starter_arsenal_put_away=1
opp_team_put_away_vs_secondary_pitch=1

parameters:
[boosting: gbdt]
[objective: binary]
[metric: binary_logloss]
[tree_learner: serial]
[device_type: cpu]
[data_sample_strategy: bagging]
[data: ]
[valid: ]
[num_iterations: 1000]
[learning_rate: 0.03]
[num_leaves: 31]
[num_threads: 16]
[seed: 42]
[deterministic: 0]
[force_col_wise: 0]
[force_row_wise: 0]
[histogram_pool_size: -1]
[max_depth: 4]
[min_data_in_leaf: 20]
[min_sum_hessian_in_leaf: 0.001]
[bagging_fraction: 1]
[pos_bagging_fraction: 1]
[neg_bagging_fraction: 1]
[bagging_freq: 0]
[bagging_seed: 400]
[bagging_by_query: 0]
[feature_fraction: 1]
[feature_fraction_bynode: 1]
[feature_fraction_seed: 30056]
[extra_trees: 0]
[extra_seed: 12879]
[early_stopping_round: 0]
[early_stopping_min_delta: 0]
[first_metric_only: 0]
[max_delta_step: 0]
[lambda_l1: 0]
[lambda_l2: 0]
[linear_lambda: 0]
[min_gain_to_split: 0]
[drop_rate: 0.1]
[max_drop: 50]
[skip_drop: 0.5]
[xgboost_dart_mode: 0]
[uniform_drop: 0]
[drop_seed: 17869]
[top_rate: 0.2]
[other_rate: 0.1]
[min_data_per_group: 100]
[max_cat_threshold: 32]
[cat_l2: 10]
[cat_smooth: 10]
[max_cat_to_onehot: 4]
[top_k: 20]
[monotone_constraints: ]
[monotone_constraints_method: basic]
[monotone_penalty: 0]
[feature_contri: ]
[forcedsplits_filename: ]
[refit_decay_rate: 0.9]
[cegb_tradeoff: 1]
[cegb_penalty_split: 0]
[cegb_penalty_feature_lazy: ]
[cegb_penalty_feature_coupled: ]
[path_smooth: 0]
[interaction_constraints: ]
[verbosity: 1]
[saved_feature_importance_type: 0]
[use_quantized_grad: 0]
[num_grad_quant_bins: 4]
[quant_train_renew_leaf: 0]
[stochastic_rounding: 1]
[linear_tree: 0]
[max_bin: 255]
[max_bin_by_feature: ]
[min_data_in_bin: 3]
[bin_construct_sample_cnt: 200000]
[data_random_seed: 175]
[is_enable_sparse: 1]
[enable_bundle: 1]
[use_missing: 1]
[zero_as_missing: 0]
[feature_pre_filter: 1]
[pre_partition: 0]
[two_round: 0]
[header: 0]
[label_column: ]
[weight_column: ]
[group_column: ]
[ignore_column: ]
[categorical_feature: ]
[forcedbins_filename: ]
[precise_float_parser: 0]
[parser_config_file: ]
[objective_seed: 16083]
[num_class: 1]
[is_unbalance: 0]
[scale_pos_weight: 1.82857]
[sigmoid: 1]
[boost_from_average: 1]
[reg_sqrt: 0]
[alpha: 0.9]
[fair_c: 1]
[poisson_max_delta_step: 0.7]
[tweedie_variance_power: 1.5]
[lambdarank_truncation_level: 30]
[lambdarank_norm: 1]
[label_gain: ]
[lambdarank_position_bias_regularization: 0]
[eval_at: ]
[multi_error_top_k: 1]
[auc_mu_weights: ]
[num_machines: 1]
[local_listen_port: 12400]
[time_out: 120]
[machine_list_filename: ]
[machines: ]
[gpu_platform_id: -1]
[gpu_device_id: -1]
[gpu_use_dp: 0]
[num_gpu: 1]

end of parameters

pandas_categorical:[]
